# of episode, training score, validation score, sigma
1, 345.9, 256.4, 0.20000
2, 184.5, 243.8, 0.19802
3, 135.3, 170.7, 0.19606
4, 222.6, 167.4, 0.19412
5, 135.8, 183.6, 0.19220
6, 135.8, 240.2, 0.19029
7, 142.3, 251.9, 0.18841
8, 155.2, 290.9, 0.18654
9, 172.4, 283.8, 0.18470
10, 154.7, 226.4, 0.18287
11, 142.6, 220.8, 0.18106
12, 44.0, 226.5, 0.17926
13, 150.6, 237.1, 0.17749
14, 163.0, 235.7, 0.17573
15, 150.6, 193.1, 0.17399
16, 175.2, 195.2, 0.17227
17, 185.3, 252.4, 0.17056
18, 322.0, 277.9, 0.16888
19, 236.8, 284.9, 0.16720
20, 136.5, 215.6, 0.16555
21, 160.3, 280.7, 0.16391
22, 135.0, 320.4, 0.16229
23, 158.7, 341.7, 0.16068
24, 172.9, 417.5, 0.15909
25, 157.1, 411.3, 0.15751
26, 163.8, 538.8, 0.15595
27, 123.9, 422.6, 0.15441
28, 154.0, 353.8, 0.15288
29, 241.7, 312.8, 0.15137
30, 250.0, 459.5, 0.14987
31, 135.7, 423.5, 0.14838
32, 152.7, 353.1, 0.14692
33, 167.2, 347.3, 0.14546
34, 181.8, 300.4, 0.14402
35, 158.2, 377.5, 0.14259
36, 189.8, 254.6, 0.14118
37, 192.0, 174.9, 0.13978
38, 264.2, 205.8, 0.13840
39, 141.7, 256.3, 0.13703
40, 322.8, 332.6, 0.13567
41, 181.8, 266.4, 0.13433
42, 214.9, 302.4, 0.13300
43, 231.1, 380.4, 0.13168
44, 213.0, 424.3, 0.13038
45, 179.5, 384.6, 0.12909
46, 194.9, 354.9, 0.12781
47, 271.4, 398.2, 0.12655
48, 186.2, 276.9, 0.12529
49, 138.0, 439.7, 0.12405
50, 339.9, 343.2, 0.12282
51, 208.9, 412.2, 0.12161
52, 223.8, 478.6, 0.12040
53, 307.5, 338.1, 0.11921
54, 303.9, 338.9, 0.11803
55, 217.4, 325.8, 0.11686
56, 216.3, 325.3, 0.11571
57, 236.2, 359.9, 0.11456
58, 305.0, 295.7, 0.11343
59, 144.9, 376.8, 0.11230
60, 127.1, 357.7, 0.11119
61, 333.3, 335.7, 0.11009
62, 115.3, 349.5, 0.10900
63, 340.4, 336.1, 0.10792
64, 267.3, 367.4, 0.10685
65, 219.0, 557.4, 0.10579
66, 314.1, 404.1, 0.10475
67, 306.3, 449.3, 0.10371
68, 396.5, 361.6, 0.10268
69, 282.0, 419.1, 0.10167
70, 251.6, 382.9, 0.10066
71, 292.9, 406.0, 0.09966
72, 252.1, 303.6, 0.09868
73, 269.0, 415.7, 0.09770
74, 256.3, 417.6, 0.09673
75, 301.9, 389.6, 0.09577
76, 301.6, 312.2, 0.09483
77, 224.8, 456.5, 0.09389
78, 414.3, 423.9, 0.09296
79, 276.1, 543.9, 0.09204
80, 233.6, 643.5, 0.09113
81, 443.6, 452.4, 0.09022
82, 328.2, 541.1, 0.08933
83, 291.8, 561.0, 0.08845
84, 375.9, 482.6, 0.08757
85, 302.6, 432.6, 0.08670
86, 278.3, 321.5, 0.08584
87, 330.5, 332.6, 0.08499
88, 332.8, 328.1, 0.08415
89, 369.9, 318.3, 0.08332
90, 355.5, 321.3, 0.08250
91, 239.6, 324.2, 0.08168
92, 282.4, 333.2, 0.08087
93, 357.2, 345.6, 0.08007
94, 313.6, 443.9, 0.07928
95, 328.7, 441.7, 0.07849
96, 243.7, 360.2, 0.07771
97, 388.9, 534.2, 0.07694
98, 275.1, 392.1, 0.07618
99, 214.3, 463.5, 0.07543
100, 328.0, 476.7, 0.07468
101, 274.5, 476.8, 0.07394
102, 227.3, 438.2, 0.07321
103, 233.3, 529.0, 0.07249
104, 323.4, 617.9, 0.07177
105, 604.6, 533.9, 0.07106
106, 264.5, 602.4, 0.07035
107, 222.6, 527.4, 0.06966
108, 155.9, 518.6, 0.06897
109, 376.0, 576.8, 0.06828
110, 232.0, 600.2, 0.06761
111, 378.9, 676.4, 0.06694
112, 266.9, 634.9, 0.06628
113, 265.2, 584.6, 0.06562
114, 246.7, 428.2, 0.06497
115, 280.6, 452.8, 0.06433
116, 256.9, 670.1, 0.06369
117, 342.8, 528.5, 0.06306
118, 447.8, 509.8, 0.06244
119, 165.1, 564.2, 0.06182
120, 438.6, 525.1, 0.06120
121, 235.3, 517.6, 0.06060
122, 243.8, 692.7, 0.06000
123, 319.9, 426.9, 0.05940
124, 410.8, 599.2, 0.05882
125, 245.8, 438.8, 0.05823
126, 321.6, 486.6, 0.05766
127, 341.2, 367.3, 0.05709
128, 303.3, 406.4, 0.05652
129, 608.7, 512.0, 0.05596
130, 386.6, 506.1, 0.05541
131, 276.7, 479.8, 0.05486
132, 421.3, 430.0, 0.05432
133, 489.9, 462.5, 0.05378
134, 341.6, 475.9, 0.05325
135, 371.4, 443.6, 0.05272
136, 468.5, 498.8, 0.05220
137, 381.4, 565.8, 0.05168
138, 372.1, 558.9, 0.05117
139, 249.3, 545.9, 0.05066
140, 335.1, 572.7, 0.05016
141, 319.9, 561.8, 0.04966
142, 278.7, 529.5, 0.04917
143, 221.1, 535.3, 0.04868
144, 371.3, 649.7, 0.04820
145, 329.9, 542.2, 0.04773
146, 315.1, 604.7, 0.04725
147, 350.7, 556.3, 0.04679
148, 252.0, 522.4, 0.04632
149, 318.7, 527.7, 0.04586
150, 417.7, 583.7, 0.04541
151, 291.2, 649.3, 0.04496
152, 360.8, 582.0, 0.04451
153, 390.7, 604.9, 0.04407
154, 586.8, 640.0, 0.04364
155, 356.7, 596.3, 0.04321
156, 315.7, 549.0, 0.04278
157, 388.1, 551.8, 0.04235
158, 350.8, 619.7, 0.04193
159, 402.8, 536.8, 0.04152
160, 307.0, 585.0, 0.04111
161, 588.5, 529.9, 0.04070
162, 341.2, 541.5, 0.04030
163, 559.2, 571.3, 0.03990
164, 378.4, 572.8, 0.03950
165, 641.2, 473.5, 0.03911
166, 430.3, 490.4, 0.03873
167, 226.6, 560.0, 0.03834
168, 591.6, 516.4, 0.03796
169, 294.2, 534.8, 0.03759
170, 238.1, 341.8, 0.03721
171, 204.2, 569.9, 0.03685
172, 212.6, 522.6, 0.03648
173, 238.6, 612.8, 0.03612
174, 473.5, 612.7, 0.03576
175, 240.0, 624.7, 0.03541
176, 222.7, 568.7, 0.03506
177, 353.7, 647.5, 0.03471
178, 311.4, 535.5, 0.03437
179, 348.5, 582.0, 0.03403
180, 625.0, 590.4, 0.03369
181, 269.0, 589.6, 0.03336
182, 521.9, 574.5, 0.03303
183, 545.7, 594.5, 0.03270
184, 377.2, 565.8, 0.03238
185, 465.1, 484.1, 0.03206
186, 214.0, 504.8, 0.03174
187, 476.1, 557.4, 0.03142
188, 417.3, 481.7, 0.03111
189, 413.6, 511.9, 0.03080
190, 282.3, 490.5, 0.03050
191, 498.8, 521.4, 0.03020
192, 450.9, 498.2, 0.02990
193, 487.2, 536.1, 0.02960
194, 419.4, 482.9, 0.02931
195, 431.3, 517.9, 0.02902
196, 460.7, 433.2, 0.02873
197, 391.0, 522.0, 0.02845
198, 527.7, 509.4, 0.02817
199, 491.7, 430.2, 0.02789
200, 403.6, 471.2, 0.02761
201, 465.8, 428.4, 0.02734
202, 384.9, 469.2, 0.02707
203, 486.8, 529.4, 0.02680
204, 465.9, 538.6, 0.02653
205, 480.6, 512.4, 0.02627
206, 469.3, 560.0, 0.02601
207, 445.7, 575.9, 0.02575
208, 559.3, 594.9, 0.02550
209, 459.1, 617.3, 0.02525
210, 595.6, 523.6, 0.02500
211, 301.4, 600.8, 0.02475
212, 538.8, 476.7, 0.02450
213, 472.2, 575.1, 0.02426
214, 448.2, 480.7, 0.02402
215, 418.3, 459.9, 0.02378
216, 502.1, 412.0, 0.02355
217, 490.1, 447.1, 0.02331
218, 441.1, 506.7, 0.02308
219, 543.2, 441.5, 0.02285
220, 443.9, 534.2, 0.02263
221, 530.1, 600.7, 0.02240
222, 486.4, 453.6, 0.02218
223, 491.6, 563.1, 0.02196
224, 536.0, 579.6, 0.02175
225, 521.7, 553.3, 0.02153
226, 591.5, 546.2, 0.02132
227, 483.2, 503.5, 0.02111
228, 355.7, 550.4, 0.02090
229, 595.4, 544.9, 0.02069
230, 360.9, 564.8, 0.02048
231, 543.2, 522.8, 0.02028
232, 397.1, 534.8, 0.02008
233, 397.0, 559.8, 0.01988
234, 349.0, 632.1, 0.01969
235, 352.4, 595.9, 0.01949
236, 437.3, 459.0, 0.01930
237, 463.7, 608.9, 0.01911
238, 387.5, 616.3, 0.01892
239, 542.3, 558.0, 0.01873
240, 501.6, 547.2, 0.01854
241, 467.9, 528.1, 0.01836
242, 418.9, 468.9, 0.01818
243, 460.3, 417.7, 0.01800
244, 410.4, 444.6, 0.01782
245, 461.0, 580.6, 0.01764
246, 410.2, 604.4, 0.01747
247, 554.2, 559.8, 0.01730
248, 455.7, 611.2, 0.01713
249, 571.9, 577.2, 0.01696
250, 505.6, 631.3, 0.01679
251, 646.4, 409.2, 0.01662
252, 424.0, 548.6, 0.01646
253, 597.9, 541.7, 0.01629
254, 515.9, 524.3, 0.01613
255, 538.9, 594.2, 0.01597
256, 544.8, 458.3, 0.01582
257, 395.3, 506.3, 0.01566
258, 434.2, 614.5, 0.01550
259, 516.8, 418.3, 0.01535
260, 349.0, 538.3, 0.01520
261, 541.0, 388.3, 0.01505
262, 293.9, 419.9, 0.01490
263, 427.0, 393.9, 0.01475
264, 462.8, 548.5, 0.01461
265, 540.7, 485.2, 0.01446
266, 308.1, 422.2, 0.01432
267, 274.6, 309.9, 0.01418
268, 331.5, 335.2, 0.01404
269, 317.1, 342.5, 0.01390
270, 317.7, 337.9, 0.01376
271, 334.5, 427.5, 0.01362
272, 379.6, 329.1, 0.01349
273, 289.2, 549.6, 0.01335
274, 545.3, 575.1, 0.01322
275, 458.5, 480.7, 0.01309
276, 402.8, 461.0, 0.01296
277, 513.7, 395.2, 0.01283
278, 405.7, 312.6, 0.01271
279, 298.2, 471.2, 0.01258
280, 306.3, 374.8, 0.01246
281, 366.4, 395.2, 0.01233
282, 428.4, 461.3, 0.01221
283, 397.3, 541.1, 0.01209
284, 484.3, 423.6, 0.01197
285, 447.3, 400.6, 0.01185
286, 411.7, 391.3, 0.01173
287, 421.3, 424.2, 0.01162
288, 345.3, 427.7, 0.01150
289, 365.1, 526.7, 0.01139
290, 477.6, 401.8, 0.01128
291, 545.7, 685.8, 0.01116
292, 476.5, 493.4, 0.01105
293, 454.8, 394.3, 0.01094
294, 569.8, 443.2, 0.01084
295, 417.8, 532.8, 0.01073
296, 508.8, 463.8, 0.01062
297, 511.5, 418.9, 0.01052
298, 424.9, 572.2, 0.01041
299, 632.9, 476.1, 0.01031
300, 411.7, 535.2, 0.01021
301, 557.9, 479.3, 0.01011
302, 464.4, 508.6, 0.01001
303, 445.4, 457.1, 0.00991
304, 505.9, 464.3, 0.00981
305, 465.8, 501.4, 0.00971
306, 585.8, 457.6, 0.00962
307, 452.5, 513.7, 0.00952
308, 517.1, 499.2, 0.00943
309, 467.4, 514.2, 0.00933
310, 399.0, 398.4, 0.00924
311, 431.0, 534.4, 0.00915
312, 537.7, 496.9, 0.00906
313, 572.0, 496.2, 0.00897
314, 373.8, 542.6, 0.00888
315, 633.9, 597.7, 0.00879
316, 391.0, 463.4, 0.00871
317, 475.8, 452.3, 0.00862
318, 538.9, 427.1, 0.00853
319, 424.4, 443.2, 0.00845
320, 521.9, 345.1, 0.00837
321, 313.8, 515.3, 0.00828
322, 396.9, 578.5, 0.00820
323, 375.6, 670.5, 0.00812
324, 393.0, 658.0, 0.00804
325, 517.4, 640.4, 0.00796
326, 620.9, 447.4, 0.00788
327, 415.8, 525.0, 0.00780
328, 534.3, 566.0, 0.00773
329, 548.2, 601.2, 0.00765
330, 561.1, 476.3, 0.00757
331, 654.9, 606.2, 0.00750
332, 489.5, 583.0, 0.00742
333, 536.2, 515.5, 0.00735
334, 526.2, 592.7, 0.00728
335, 495.4, 550.8, 0.00721
336, 562.2, 466.0, 0.00713
337, 418.7, 525.3, 0.00706
338, 557.7, 448.5, 0.00699
339, 467.0, 576.8, 0.00692
340, 614.4, 468.4, 0.00686
341, 465.3, 543.4, 0.00679
342, 657.9, 513.2, 0.00672
343, 483.2, 489.3, 0.00665
344, 534.1, 542.4, 0.00659
345, 492.5, 504.8, 0.00652
346, 507.3, 529.3, 0.00646
347, 550.8, 561.8, 0.00639
348, 593.0, 553.8, 0.00633
349, 537.5, 498.7, 0.00627
350, 475.6, 462.5, 0.00621
351, 468.7, 483.7, 0.00615
352, 531.9, 500.9, 0.00608
353, 472.0, 523.1, 0.00602
354, 518.1, 503.0, 0.00596
355, 494.6, 515.8, 0.00591
356, 515.6, 528.3, 0.00585
357, 484.7, 493.5, 0.00579
358, 518.3, 538.4, 0.00573
359, 474.8, 425.0, 0.00568
360, 476.5, 378.2, 0.00562
361, 391.9, 551.6, 0.00556
362, 639.9, 583.2, 0.00551
363, 525.4, 443.9, 0.00545
364, 467.9, 452.6, 0.00540
365, 538.7, 455.2, 0.00535
366, 452.4, 440.0, 0.00529
367, 493.3, 665.8, 0.00524
368, 684.2, 518.3, 0.00519
369, 502.5, 370.3, 0.00514
370, 407.4, 438.1, 0.00509
371, 460.7, 434.9, 0.00504
372, 480.7, 504.8, 0.00499
373, 534.8, 546.0, 0.00494
374, 537.6, 545.0, 0.00489
375, 540.2, 483.3, 0.00484
376, 460.3, 514.4, 0.00479
377, 511.5, 537.6, 0.00474
378, 536.7, 528.3, 0.00470
379, 489.7, 518.8, 0.00465
380, 512.1, 484.3, 0.00460
381, 499.8, 571.2, 0.00456
382, 532.1, 550.2, 0.00451
383, 665.7, 552.1, 0.00447
384, 519.0, 570.7, 0.00443
385, 566.2, 549.8, 0.00438
386, 534.2, 541.1, 0.00434
387, 544.6, 569.0, 0.00430
388, 595.0, 561.4, 0.00425
389, 569.9, 530.2, 0.00421
390, 567.9, 592.9, 0.00417
391, 506.5, 500.2, 0.00413
392, 507.1, 623.2, 0.00409
393, 655.2, 516.5, 0.00405
394, 522.0, 538.8, 0.00401
395, 395.6, 536.5, 0.00397
396, 522.0, 561.3, 0.00393
397, 609.8, 503.4, 0.00389
398, 503.9, 566.5, 0.00385
399, 510.1, 538.6, 0.00381
400, 541.6, 576.5, 0.00377
401, 620.6, 493.6, 0.00374
402, 578.9, 503.1, 0.00370
403, 586.3, 439.2, 0.00366
404, 485.1, 542.5, 0.00363
405, 545.8, 522.0, 0.00359
406, 526.3, 611.5, 0.00356
407, 539.0, 463.6, 0.00352
408, 450.6, 572.4, 0.00349
409, 530.0, 533.9, 0.00345
410, 551.2, 591.0, 0.00342
411, 530.0, 641.7, 0.00338
412, 742.6, 603.9, 0.00335
413, 675.3, 548.3, 0.00332
414, 662.2, 732.6, 0.00328
415, 606.6, 536.0, 0.00325
416, 523.3, 538.8, 0.00322
417, 527.0, 622.0, 0.00319
418, 650.4, 555.7, 0.00316
419, 580.2, 570.2, 0.00312
420, 596.1, 579.4, 0.00309
421, 556.8, 607.1, 0.00306
422, 604.8, 612.2, 0.00303
423, 619.1, 578.1, 0.00300
424, 599.1, 573.6, 0.00297
425, 511.8, 630.3, 0.00294
426, 620.6, 545.0, 0.00291
427, 508.6, 572.9, 0.00288
428, 581.6, 641.9, 0.00286
429, 675.7, 584.3, 0.00283
430, 558.0, 694.9, 0.00280
431, 699.0, 511.3, 0.00277
432, 522.7, 668.8, 0.00274
433, 545.2, 615.3, 0.00272
434, 621.5, 629.7, 0.00269
435, 613.9, 568.9, 0.00266
436, 620.8, 593.6, 0.00264
437, 548.2, 437.2, 0.00261
438, 467.4, 529.2, 0.00259
439, 518.9, 547.1, 0.00256
440, 510.0, 547.8, 0.00253
441, 586.3, 555.3, 0.00251
442, 542.4, 542.3, 0.00248
443, 536.3, 557.5, 0.00246
444, 567.2, 557.0, 0.00244
445, 563.4, 562.6, 0.00241
446, 617.5, 605.8, 0.00239
447, 602.8, 562.5, 0.00236
448, 523.3, 591.2, 0.00234
449, 573.9, 601.9, 0.00232
450, 608.0, 606.7, 0.00229
451, 602.2, 599.6, 0.00227
452, 610.3, 558.4, 0.00225
453, 587.4, 588.4, 0.00223
454, 582.9, 611.5, 0.00221
455, 595.0, 594.3, 0.00218
456, 625.0, 584.1, 0.00216
457, 583.7, 603.2, 0.00214
458, 546.4, 588.1, 0.00212
459, 598.4, 593.2, 0.00210
460, 597.0, 615.5, 0.00208
461, 676.9, 539.3, 0.00206
462, 558.2, 464.3, 0.00204
463, 498.1, 462.0, 0.00202
464, 447.1, 586.8, 0.00200
465, 594.2, 583.3, 0.00198
466, 574.6, 598.3, 0.00196
467, 603.9, 540.4, 0.00194
468, 552.7, 507.0, 0.00192
469, 505.8, 524.0, 0.00190
470, 524.2, 481.2, 0.00188
471, 441.4, 525.2, 0.00186
472, 570.3, 524.6, 0.00184
473, 493.4, 493.8, 0.00183
474, 472.9, 499.8, 0.00181
475, 432.3, 589.4, 0.00179
476, 524.0, 526.9, 0.00177
477, 544.7, 543.7, 0.00175
478, 526.9, 489.7, 0.00174
479, 468.7, 519.2, 0.00172
480, 498.9, 461.8, 0.00170
481, 522.3, 524.4, 0.00169
482, 487.9, 488.3, 0.00167
483, 461.8, 545.9, 0.00165
484, 410.7, 451.0, 0.00164
485, 425.8, 560.5, 0.00162
486, 604.0, 562.2, 0.00160
487, 585.8, 516.9, 0.00159
488, 577.5, 573.4, 0.00157
489, 557.5, 487.4, 0.00156
490, 527.6, 572.9, 0.00154
491, 573.8, 565.0, 0.00153
492, 588.7, 580.6, 0.00151
493, 557.4, 570.3, 0.00150
494, 558.6, 579.0, 0.00148
495, 596.2, 580.4, 0.00147
496, 597.6, 553.7, 0.00145
497, 558.2, 542.9, 0.00144
498, 544.6, 546.3, 0.00142
499, 539.1, 588.5, 0.00141
500, 593.4, 598.8, 0.00140
501, 597.3, 520.1, 0.00138
502, 613.4, 601.4, 0.00137
503, 614.7, 598.7, 0.00135
504, 610.9, 554.1, 0.00134
505, 541.6, 384.1, 0.00133
506, 453.5, 492.6, 0.00131
507, 497.3, 610.7, 0.00130
508, 608.8, 567.9, 0.00129
509, 459.4, 625.7, 0.00128
510, 536.8, 515.7, 0.00126
511, 451.9, 624.1, 0.00125
512, 603.8, 580.8, 0.00124
513, 639.4, 661.8, 0.00123
514, 689.5, 683.6, 0.00121
515, 750.2, 530.1, 0.00120
516, 505.3, 598.1, 0.00119
517, 601.2, 538.9, 0.00118
518, 559.8, 614.6, 0.00117
519, 615.3, 557.9, 0.00115
520, 546.9, 539.3, 0.00114
521, 541.3, 593.2, 0.00113
522, 563.5, 588.3, 0.00112
523, 592.8, 572.5, 0.00111
524, 592.5, 592.7, 0.00110
525, 605.1, 596.1, 0.00109
526, 647.9, 615.2, 0.00108
527, 652.2, 590.9, 0.00107
528, 579.9, 658.4, 0.00106
529, 613.7, 616.8, 0.00105
530, 595.8, 606.7, 0.00104
531, 646.4, 609.3, 0.00102
532, 604.4, 602.8, 0.00101
533, 601.6, 535.0, 0.00100
534, 482.5, 593.0, 0.00099
535, 600.1, 682.2, 0.00098
536, 700.9, 517.5, 0.00098
537, 551.8, 522.1, 0.00097
538, 556.4, 651.4, 0.00096
539, 670.5, 427.2, 0.00095
540, 403.3, 542.2, 0.00094
541, 468.4, 460.6, 0.00093
542, 430.7, 522.5, 0.00092
543, 433.5, 513.6, 0.00091
544, 434.2, 590.8, 0.00090
545, 573.9, 487.7, 0.00089
546, 487.3, 479.1, 0.00088
547, 475.2, 581.9, 0.00087
548, 602.5, 546.6, 0.00087
549, 546.0, 619.6, 0.00086
550, 688.1, 591.2, 0.00085
551, 613.4, 594.2, 0.00084
552, 616.3, 589.5, 0.00083
553, 600.9, 566.6, 0.00082
554, 495.0, 385.1, 0.00082
555, 420.0, 368.9, 0.00081
556, 401.4, 368.1, 0.00080
557, 291.4, 616.2, 0.00079
558, 695.6, 509.2, 0.00078
559, 473.9, 462.3, 0.00078
560, 499.3, 610.6, 0.00077
561, 641.8, 606.4, 0.00076
562, 587.5, 618.9, 0.00075
563, 628.2, 595.7, 0.00075
564, 580.7, 574.3, 0.00074
565, 602.5, 536.0, 0.00073
566, 490.0, 542.8, 0.00072
567, 527.7, 602.6, 0.00072
568, 598.2, 503.4, 0.00071
569, 589.2, 658.6, 0.00070
570, 670.7, 450.4, 0.00070
571, 468.6, 476.6, 0.00069
572, 644.5, 398.1, 0.00068
573, 382.1, 542.5, 0.00067
574, 516.8, 524.2, 0.00067
575, 550.8, 405.3, 0.00066
576, 366.0, 545.2, 0.00065
577, 611.4, 518.9, 0.00065
578, 321.3, 406.4, 0.00064
579, 301.1, 418.7, 0.00064
580, 589.2, 377.7, 0.00063
581, 431.5, 329.7, 0.00062
582, 350.8, 422.8, 0.00062
583, 507.7, 508.3, 0.00061
584, 529.3, 425.1, 0.00060
585, 385.0, 561.7, 0.00060
586, 504.4, 539.8, 0.00059
587, 518.1, 607.1, 0.00059
588, 598.3, 484.3, 0.00058
589, 472.0, 546.6, 0.00058
590, 480.2, 500.3, 0.00057
591, 462.2, 506.7, 0.00056
592, 463.2, 458.9, 0.00056
593, 444.6, 500.9, 0.00055
594, 542.6, 569.7, 0.00055
595, 539.6, 394.4, 0.00054
596, 398.9, 381.1, 0.00054
597, 380.2, 421.6, 0.00053
598, 473.4, 391.6, 0.00053
599, 556.1, 454.9, 0.00052
600, 423.0, 541.7, 0.00052
601, 563.1, 574.7, 0.00051
602, 597.8, 522.3, 0.00051
603, 603.6, 532.3, 0.00050
604, 579.9, 515.3, 0.00050
605, 500.2, 450.5, 0.00049
606, 303.7, 338.6, 0.00049
607, 409.4, 274.6, 0.00048
608, 249.5, 336.3, 0.00048
609, 340.9, 403.3, 0.00047
610, 439.5, 430.0, 0.00047
611, 438.1, 438.3, 0.00046
612, 410.3, 303.6, 0.00046
613, 335.8, 287.8, 0.00045
614, 377.4, 286.0, 0.00045
615, 326.1, 325.5, 0.00044
616, 407.3, 318.2, 0.00044
617, 342.1, 399.3, 0.00044
618, 433.4, 440.6, 0.00043
619, 485.5, 618.9, 0.00043
620, 623.5, 381.7, 0.00042
621, 277.0, 455.3, 0.00042
622, 601.8, 618.2, 0.00041
623, 612.3, 434.1, 0.00041
624, 523.6, 600.3, 0.00041
625, 570.0, 601.5, 0.00040
626, 566.9, 571.2, 0.00040
627, 587.3, 571.7, 0.00039
628, 586.8, 629.6, 0.00039
629, 620.4, 579.0, 0.00039
630, 582.3, 431.9, 0.00038
631, 409.4, 503.2, 0.00038
632, 527.5, 697.1, 0.00038
633, 697.8, 545.6, 0.00037
634, 573.4, 672.8, 0.00037
635, 670.6, 628.8, 0.00036
636, 627.0, 588.7, 0.00036
637, 582.3, 582.1, 0.00036
638, 757.1, 427.3, 0.00035
639, 399.3, 572.9, 0.00035
640, 682.4, 632.2, 0.00035
641, 634.3, 587.8, 0.00034
642, 516.6, 460.3, 0.00034
643, 468.3, 608.6, 0.00034
644, 538.4, 518.0, 0.00033
645, 491.3, 605.2, 0.00033
646, 604.1, 651.7, 0.00033
647, 695.9, 584.6, 0.00032
648, 617.6, 584.1, 0.00032
649, 588.9, 617.2, 0.00032
650, 617.0, 646.0, 0.00031
651, 650.3, 564.7, 0.00031
652, 622.5, 602.2, 0.00031
653, 611.9, 610.7, 0.00030
654, 622.2, 554.4, 0.00030
655, 540.6, 517.1, 0.00030
656, 538.1, 484.6, 0.00030
657, 411.1, 446.9, 0.00029
658, 462.0, 480.9, 0.00029
659, 495.4, 513.1, 0.00029
660, 501.1, 549.3, 0.00028
661, 557.9, 482.2, 0.00028
662, 488.7, 643.8, 0.00028
663, 578.9, 526.1, 0.00028
664, 555.4, 371.9, 0.00027
665, 388.8, 552.7, 0.00027
666, 495.3, 552.2, 0.00027
667, 581.3, 521.7, 0.00026
668, 569.6, 532.5, 0.00026
669, 545.3, 542.4, 0.00026
670, 543.9, 440.6, 0.00026
671, 521.8, 297.9, 0.00025
672, 254.6, 546.7, 0.00025
673, 422.2, 338.5, 0.00025
674, 254.0, 311.6, 0.00025
675, 305.2, 304.3, 0.00024
676, 300.5, 355.6, 0.00024
677, 297.1, 397.1, 0.00024
678, 384.3, 577.5, 0.00024
679, 581.3, 443.6, 0.00024
680, 433.6, 510.0, 0.00023
681, 583.8, 548.5, 0.00023
682, 490.2, 563.7, 0.00023
683, 668.0, 531.7, 0.00023
684, 504.3, 534.0, 0.00022
685, 552.0, 582.8, 0.00022
686, 551.9, 603.1, 0.00022
687, 577.7, 596.2, 0.00022
688, 596.2, 480.0, 0.00021
689, 480.8, 352.5, 0.00021
690, 350.8, 353.5, 0.00021
691, 341.5, 271.3, 0.00021
692, 264.4, 277.7, 0.00021
693, 274.7, 243.3, 0.00020
694, 245.8, 294.9, 0.00020
695, 291.5, 473.6, 0.00020
696, 471.0, 489.3, 0.00020
697, 501.0, 376.6, 0.00020
698, 405.3, 333.0, 0.00019
699, 385.3, 446.8, 0.00019
700, 441.9, 493.6, 0.00019
701, 518.2, 350.4, 0.00019
702, 389.3, 358.8, 0.00019
703, 342.4, 384.3, 0.00019
704, 375.2, 385.6, 0.00018
705, 383.3, 342.4, 0.00018
706, 356.0, 525.5, 0.00018
707, 556.0, 314.6, 0.00018
708, 327.4, 429.2, 0.00018
709, 428.9, 384.5, 0.00017
710, 366.3, 496.6, 0.00017
711, 482.3, 540.0, 0.00017
712, 637.0, 673.1, 0.00017
713, 690.7, 559.1, 0.00017
714, 704.4, 499.3, 0.00017
715, 495.2, 583.4, 0.00016
716, 608.2, 553.6, 0.00016
717, 525.8, 520.3, 0.00016
718, 519.2, 399.1, 0.00016
719, 453.7, 494.2, 0.00016
720, 480.8, 405.7, 0.00016
721, 414.9, 587.5, 0.00015
722, 611.7, 627.4, 0.00015
723, 541.1, 655.7, 0.00015
724, 679.9, 628.9, 0.00015
725, 647.1, 549.5, 0.00015
726, 581.9, 538.9, 0.00015
727, 618.2, 615.1, 0.00015
728, 606.1, 578.9, 0.00014
729, 582.3, 571.6, 0.00014
730, 644.0, 485.5, 0.00014
731, 614.1, 431.0, 0.00014
732, 483.2, 404.6, 0.00014
733, 438.1, 477.4, 0.00014
734, 459.6, 350.2, 0.00014
735, 457.2, 373.5, 0.00013
736, 373.2, 447.4, 0.00013
737, 426.5, 349.9, 0.00013
738, 387.1, 356.1, 0.00013
739, 373.5, 327.4, 0.00013
740, 309.3, 332.0, 0.00013
741, 329.6, 366.8, 0.00013
742, 316.3, 343.1, 0.00013
743, 413.8, 284.7, 0.00012
744, 273.8, 418.7, 0.00012
745, 618.2, 360.4, 0.00012
746, 549.2, 456.0, 0.00012
747, 543.7, 600.3, 0.00012
748, 599.1, 256.0, 0.00012
749, 263.5, 576.2, 0.00012
750, 551.8, 557.1, 0.00012
751, 557.8, 482.4, 0.00011
752, 482.8, 545.7, 0.00011
753, 538.7, 568.1, 0.00011
754, 561.3, 609.3, 0.00011
755, 610.5, 580.1, 0.00011
756, 588.0, 533.2, 0.00011
757, 496.1, 421.9, 0.00011
758, 451.6, 606.6, 0.00011
759, 384.6, 387.2, 0.00011
760, 348.0, 379.9, 0.00010
761, 398.2, 486.4, 0.00010
762, 433.1, 469.5, 0.00010
763, 533.4, 399.8, 0.00010
764, 375.9, 484.1, 0.00010
765, 468.0, 511.2, 0.00010
766, 497.9, 488.3, 0.00010
767, 462.0, 491.6, 0.00010
768, 483.5, 515.7, 0.00010
769, 477.5, 455.7, 0.00010
770, 494.0, 455.7, 0.00010
771, 471.5, 582.1, 0.00009
772, 500.0, 389.5, 0.00009
773, 386.9, 365.0, 0.00009
774, 341.7, 327.4, 0.00009
775, 356.0, 394.3, 0.00009
776, 442.9, 395.4, 0.00009
777, 325.8, 480.3, 0.00009
778, 502.5, 518.6, 0.00009
779, 512.8, 511.2, 0.00009
780, 480.2, 519.2, 0.00009
781, 501.2, 445.5, 0.00009
782, 462.0, 566.2, 0.00008
783, 552.3, 594.0, 0.00008
784, 538.2, 568.9, 0.00008
785, 569.5, 590.4, 0.00008
786, 631.0, 632.1, 0.00008
787, 613.0, 584.2, 0.00008
788, 531.4, 501.9, 0.00008
789, 443.1, 417.1, 0.00008
790, 363.1, 333.9, 0.00008
791, 419.5, 357.1, 0.00008
792, 355.5, 440.4, 0.00008
793, 508.9, 564.6, 0.00008
794, 569.2, 513.8, 0.00007
795, 524.8, 403.9, 0.00007
796, 430.9, 346.6, 0.00007
797, 393.6, 473.9, 0.00007
798, 515.1, 324.0, 0.00007
799, 332.2, 174.5, 0.00007
800, 161.7, 248.5, 0.00007
801, 172.9, 192.3, 0.00007
802, 201.8, 239.2, 0.00007
803, 280.5, 200.1, 0.00007
804, 311.8, 317.8, 0.00007
805, 295.9, 402.3, 0.00007
806, 383.3, 675.1, 0.00007
807, 697.0, 440.2, 0.00007
808, 408.4, 605.9, 0.00007
809, 532.2, 665.4, 0.00006
810, 588.0, 591.6, 0.00006
811, 627.5, 655.4, 0.00006
812, 647.8, 521.6, 0.00006
813, 513.1, 719.9, 0.00006
814, 740.0, 645.1, 0.00006
815, 615.4, 554.3, 0.00006
816, 591.3, 592.8, 0.00006
817, 610.4, 568.0, 0.00006
818, 561.8, 542.6, 0.00006
819, 567.2, 524.0, 0.00006
820, 460.4, 574.7, 0.00006
821, 550.2, 375.8, 0.00006
822, 367.4, 448.6, 0.00006
823, 422.5, 433.4, 0.00006
824, 446.3, 679.1, 0.00006
825, 659.2, 522.4, 0.00005
826, 452.8, 593.8, 0.00005
827, 579.1, 535.9, 0.00005
828, 558.7, 451.0, 0.00005
829, 486.9, 441.3, 0.00005
830, 438.0, 494.6, 0.00005
831, 529.4, 532.4, 0.00005
832, 508.5, 451.9, 0.00005
833, 488.3, 583.9, 0.00005
834, 568.0, 505.1, 0.00005
835, 563.6, 500.2, 0.00005
836, 473.0, 659.7, 0.00005
837, 670.6, 590.0, 0.00005
838, 590.2, 516.0, 0.00005
839, 585.1, 486.4, 0.00005
840, 579.6, 653.3, 0.00005
841, 622.8, 519.5, 0.00005
842, 522.6, 525.7, 0.00005
843, 562.4, 563.0, 0.00005
844, 500.0, 493.9, 0.00005
845, 494.3, 643.1, 0.00005
846, 594.4, 611.6, 0.00004
847, 545.2, 590.9, 0.00004
848, 633.0, 401.4, 0.00004
849, 369.9, 515.2, 0.00004
850, 526.4, 559.3, 0.00004
851, 510.1, 539.5, 0.00004
852, 520.2, 552.0, 0.00004
853, 522.3, 583.9, 0.00004
854, 579.9, 565.1, 0.00004
855, 556.9, 507.3, 0.00004
856, 526.7, 571.2, 0.00004
857, 591.5, 490.3, 0.00004
858, 476.1, 572.1, 0.00004
859, 563.7, 469.7, 0.00004
860, 529.9, 486.7, 0.00004
861, 510.2, 444.1, 0.00004
862, 409.8, 533.5, 0.00004
863, 554.9, 528.5, 0.00004
864, 453.9, 484.4, 0.00004
865, 482.3, 585.0, 0.00004
866, 548.2, 584.7, 0.00004
867, 581.8, 650.7, 0.00004
868, 628.1, 539.4, 0.00004
869, 552.3, 426.7, 0.00004
870, 460.5, 635.3, 0.00004
871, 626.5, 694.5, 0.00003
872, 738.8, 605.0, 0.00003
873, 618.8, 398.7, 0.00003
874, 376.6, 470.9, 0.00003
875, 467.6, 576.8, 0.00003
876, 600.5, 593.1, 0.00003
877, 599.6, 499.7, 0.00003
878, 498.6, 619.4, 0.00003
879, 621.5, 565.9, 0.00003
880, 659.1, 392.1, 0.00003
881, 388.4, 484.0, 0.00003
882, 494.8, 614.7, 0.00003
883, 561.5, 444.4, 0.00003
884, 456.2, 536.5, 0.00003
885, 522.5, 572.0, 0.00003
886, 518.7, 620.1, 0.00003
887, 618.5, 664.5, 0.00003
888, 652.4, 348.2, 0.00003
889, 285.4, 431.2, 0.00003
890, 410.2, 405.8, 0.00003
891, 422.9, 532.1, 0.00003
892, 551.4, 352.6, 0.00003
893, 355.2, 601.6, 0.00003
894, 632.4, 399.6, 0.00003
895, 432.2, 333.3, 0.00003
896, 368.4, 319.3, 0.00003
897, 330.3, 310.7, 0.00003
898, 363.3, 327.4, 0.00003
899, 282.9, 629.9, 0.00003
900, 609.7, 604.5, 0.00003
901, 628.4, 464.2, 0.00003
902, 458.5, 420.1, 0.00003
903, 557.7, 542.0, 0.00003
904, 617.3, 528.7, 0.00003
905, 525.5, 582.1, 0.00002
906, 567.9, 432.6, 0.00002
907, 406.6, 435.0, 0.00002
908, 453.1, 458.8, 0.00002
909, 397.1, 493.0, 0.00002
910, 400.4, 413.2, 0.00002
911, 371.3, 449.4, 0.00002
912, 506.8, 511.0, 0.00002
913, 539.4, 398.7, 0.00002
914, 435.5, 487.0, 0.00002
915, 414.3, 489.6, 0.00002
916, 530.2, 387.9, 0.00002
917, 417.0, 433.3, 0.00002
918, 471.2, 441.9, 0.00002
919, 419.8, 495.5, 0.00002
920, 461.7, 536.0, 0.00002
921, 554.7, 486.2, 0.00002
922, 508.6, 510.8, 0.00002
923, 509.8, 507.5, 0.00002
924, 530.2, 548.8, 0.00002
925, 554.5, 501.4, 0.00002
926, 533.5, 494.9, 0.00002
927, 525.8, 550.1, 0.00002
928, 574.8, 415.5, 0.00002
929, 363.6, 439.6, 0.00002
930, 353.4, 467.7, 0.00002
931, 456.4, 639.1, 0.00002
932, 647.3, 482.4, 0.00002
933, 605.5, 435.3, 0.00002
934, 453.9, 571.3, 0.00002
935, 617.6, 614.0, 0.00002
936, 611.9, 436.4, 0.00002
937, 420.6, 562.4, 0.00002
938, 520.3, 596.4, 0.00002
939, 547.3, 713.8, 0.00002
940, 699.6, 587.0, 0.00002
941, 641.6, 647.0, 0.00002
942, 667.8, 706.2, 0.00002
943, 709.7, 576.5, 0.00002
944, 530.2, 526.3, 0.00002
945, 514.2, 511.0, 0.00002
946, 472.9, 465.9, 0.00002
947, 525.1, 439.1, 0.00002
948, 428.8, 571.8, 0.00002
949, 510.4, 466.6, 0.00002
950, 412.9, 653.8, 0.00002
951, 578.6, 509.1, 0.00002
952, 606.6, 526.7, 0.00002
953, 624.5, 491.6, 0.00002
954, 605.3, 586.5, 0.00002
955, 547.9, 568.8, 0.00002
956, 485.5, 613.0, 0.00001
957, 626.2, 655.7, 0.00001
958, 695.6, 632.2, 0.00001
959, 685.9, 604.3, 0.00001
960, 515.0, 580.9, 0.00001
961, 516.1, 587.6, 0.00001
962, 585.8, 465.4, 0.00001
963, 543.9, 583.4, 0.00001
964, 624.0, 585.3, 0.00001
965, 460.4, 500.0, 0.00001
966, 549.8, 388.4, 0.00001
967, 371.0, 375.5, 0.00001
968, 459.9, 425.2, 0.00001
969, 504.6, 531.7, 0.00001
970, 436.6, 570.1, 0.00001
971, 544.6, 435.0, 0.00001
972, 488.9, 476.3, 0.00001
973, 533.0, 454.0, 0.00001
974, 458.0, 534.1, 0.00001
975, 531.2, 502.0, 0.00001
976, 507.9, 476.3, 0.00001
977, 571.3, 378.4, 0.00001
978, 392.7, 376.3, 0.00001
979, 384.4, 481.8, 0.00001
980, 470.9, 622.1, 0.00001
981, 614.5, 749.5, 0.00001
982, 760.7, 493.7, 0.00001
983, 478.6, 651.4, 0.00001
984, 588.5, 619.3, 0.00001
985, 637.0, 656.9, 0.00001
986, 654.1, 562.5, 0.00001
987, 525.2, 555.1, 0.00001
988, 459.8, 582.3, 0.00001
989, 600.3, 663.0, 0.00001
990, 542.8, 633.9, 0.00001
991, 691.8, 609.4, 0.00001
992, 665.9, 536.5, 0.00001
993, 506.1, 674.7, 0.00001
994, 690.1, 633.0, 0.00001
995, 614.1, 554.8, 0.00001
996, 526.7, 595.0, 0.00001
997, 566.0, 577.5, 0.00001
998, 559.9, 529.3, 0.00001
999, 564.9, 635.9, 0.00001
