# of episode, training score, validation score, sigma
1, 450.5, 190.1, 0.20000
2, 156.2, 162.6, 0.19802
3, 205.9, 177.1, 0.19606
4, 165.7, 192.3, 0.19412
5, 161.5, 208.0, 0.19220
6, 177.1, 202.5, 0.19029
7, 165.6, 200.4, 0.18841
8, 176.9, 228.8, 0.18654
9, 157.7, 188.3, 0.18470
10, 154.2, 215.7, 0.18287
11, 190.6, 186.8, 0.18106
12, 181.1, 189.2, 0.17926
13, 176.6, 218.6, 0.17749
14, 137.1, 219.4, 0.17573
15, 199.6, 199.5, 0.17399
16, 217.1, 222.7, 0.17227
17, 213.3, 229.7, 0.17056
18, 190.5, 229.4, 0.16888
19, 193.8, 204.8, 0.16720
20, 212.6, 233.3, 0.16555
21, 182.1, 237.7, 0.16391
22, 207.1, 205.4, 0.16229
23, 180.2, 229.8, 0.16068
24, 246.3, 229.8, 0.15909
25, 148.3, 241.1, 0.15751
26, 169.9, 212.9, 0.15595
27, 150.0, 225.7, 0.15441
28, 207.8, 242.9, 0.15288
29, 158.7, 242.6, 0.15137
30, 172.5, 239.2, 0.14987
31, 182.7, 240.5, 0.14838
32, 194.5, 226.1, 0.14692
33, 190.7, 224.6, 0.14546
34, 184.1, 200.1, 0.14402
35, 165.7, 181.4, 0.14259
36, 180.6, 184.9, 0.14118
37, 156.9, 208.7, 0.13978
38, 178.9, 232.7, 0.13840
39, 269.2, 213.7, 0.13703
40, 139.9, 223.7, 0.13567
41, 201.5, 222.9, 0.13433
42, 334.4, 202.0, 0.13300
43, 208.1, 230.3, 0.13168
44, 180.0, 215.1, 0.13038
45, 252.0, 241.7, 0.12909
46, 172.0, 192.4, 0.12781
47, 232.4, 152.5, 0.12655
48, 172.8, 189.6, 0.12529
49, 187.2, 205.9, 0.12405
50, 215.7, 244.1, 0.12282
51, 159.1, 200.3, 0.12161
52, 171.8, 214.8, 0.12040
53, 131.6, 180.3, 0.11921
54, 151.3, 223.8, 0.11803
55, 268.6, 190.8, 0.11686
56, 185.2, 203.0, 0.11571
57, 241.9, 176.5, 0.11456
58, 168.3, 185.8, 0.11343
59, 216.0, 188.1, 0.11230
60, 165.8, 176.0, 0.11119
61, 216.8, 207.8, 0.11009
62, 289.6, 195.3, 0.10900
63, 165.5, 191.3, 0.10792
64, 227.6, 206.3, 0.10685
65, 163.6, 189.4, 0.10579
66, 191.7, 211.7, 0.10475
67, 254.2, 193.2, 0.10371
68, 190.3, 241.2, 0.10268
69, 208.5, 243.5, 0.10167
70, 201.1, 207.9, 0.10066
71, 141.7, 223.6, 0.09966
72, 185.8, 203.1, 0.09868
73, 131.2, 175.5, 0.09770
74, 232.4, 179.1, 0.09673
75, 111.2, 186.4, 0.09577
76, 164.7, 224.4, 0.09483
77, 241.5, 231.6, 0.09389
78, 201.4, 212.6, 0.09296
79, 291.9, 210.1, 0.09204
80, 202.4, 223.6, 0.09113
81, 297.6, 246.3, 0.09022
82, 149.3, 251.5, 0.08933
83, 242.4, 258.3, 0.08845
84, 201.3, 218.5, 0.08757
85, 212.2, 228.8, 0.08670
86, 255.4, 241.3, 0.08584
87, 220.8, 220.1, 0.08499
88, 191.8, 247.9, 0.08415
89, 293.7, 241.1, 0.08332
90, 166.9, 232.1, 0.08250
91, 182.3, 211.6, 0.08168
92, 189.8, 229.0, 0.08087
93, 239.1, 264.8, 0.08007
94, 188.5, 261.9, 0.07928
95, 186.6, 243.7, 0.07849
96, 201.7, 245.3, 0.07771
97, 244.4, 233.6, 0.07694
98, 200.4, 214.9, 0.07618
99, 301.2, 248.5, 0.07543
100, 155.8, 245.0, 0.07468
101, 200.4, 224.1, 0.07394
102, 204.5, 248.1, 0.07321
103, 195.8, 224.5, 0.07249
104, 233.7, 238.4, 0.07177
105, 191.2, 301.5, 0.07106
106, 253.4, 253.2, 0.07035
107, 220.3, 238.7, 0.06966
108, 289.4, 257.9, 0.06897
109, 229.9, 236.5, 0.06828
110, 248.4, 219.6, 0.06761
111, 229.9, 234.0, 0.06694
112, 243.6, 237.7, 0.06628
113, 284.6, 239.2, 0.06562
114, 178.1, 270.0, 0.06497
115, 150.4, 228.8, 0.06433
116, 236.5, 283.3, 0.06369
117, 222.8, 282.9, 0.06306
118, 335.8, 309.8, 0.06244
119, 266.5, 264.1, 0.06182
120, 216.9, 257.7, 0.06120
121, 225.1, 270.4, 0.06060
122, 251.2, 280.3, 0.06000
123, 276.4, 267.2, 0.05940
124, 254.0, 261.4, 0.05882
125, 309.6, 265.0, 0.05823
126, 288.7, 253.2, 0.05766
127, 248.9, 225.0, 0.05709
128, 268.5, 247.6, 0.05652
129, 308.7, 244.5, 0.05596
130, 226.7, 257.8, 0.05541
131, 283.1, 245.0, 0.05486
132, 309.5, 260.3, 0.05432
133, 222.0, 256.3, 0.05378
134, 222.5, 224.5, 0.05325
135, 217.5, 241.6, 0.05272
136, 243.2, 246.9, 0.05220
137, 222.2, 244.3, 0.05168
138, 228.8, 218.7, 0.05117
139, 281.0, 247.5, 0.05066
140, 268.2, 250.0, 0.05016
141, 243.3, 244.7, 0.04966
142, 247.0, 246.5, 0.04917
143, 227.6, 240.3, 0.04868
144, 230.6, 221.6, 0.04820
145, 173.4, 223.5, 0.04773
146, 266.5, 216.5, 0.04725
147, 243.6, 239.7, 0.04679
148, 279.3, 214.1, 0.04632
149, 213.9, 224.1, 0.04586
150, 178.7, 231.7, 0.04541
151, 227.6, 211.3, 0.04496
152, 226.7, 229.9, 0.04451
153, 264.9, 229.5, 0.04407
154, 221.2, 241.4, 0.04364
155, 242.7, 224.8, 0.04321
156, 254.1, 234.2, 0.04278
157, 255.0, 245.4, 0.04235
158, 252.3, 224.8, 0.04193
159, 248.3, 225.4, 0.04152
160, 235.8, 246.7, 0.04111
161, 235.6, 239.9, 0.04070
162, 264.7, 242.9, 0.04030
163, 240.5, 238.0, 0.03990
164, 177.2, 265.5, 0.03950
165, 252.6, 246.5, 0.03911
166, 265.2, 260.0, 0.03873
167, 261.9, 255.4, 0.03834
168, 252.0, 259.0, 0.03796
169, 208.8, 236.5, 0.03759
170, 245.5, 283.4, 0.03721
171, 263.1, 265.7, 0.03685
172, 223.6, 252.7, 0.03648
173, 211.7, 210.6, 0.03612
174, 198.1, 207.4, 0.03576
175, 130.4, 202.4, 0.03541
176, 179.0, 209.1, 0.03506
177, 204.2, 188.9, 0.03471
178, 182.9, 188.4, 0.03437
179, 180.0, 213.9, 0.03403
180, 192.5, 228.4, 0.03369
181, 200.9, 229.2, 0.03336
182, 133.3, 210.0, 0.03303
183, 211.4, 230.8, 0.03270
184, 205.8, 217.1, 0.03238
185, 255.2, 218.5, 0.03206
186, 239.1, 230.7, 0.03174
187, 293.1, 227.8, 0.03142
188, 268.7, 232.4, 0.03111
189, 269.0, 245.8, 0.03080
190, 199.1, 219.2, 0.03050
191, 190.7, 200.5, 0.03020
192, 177.5, 206.6, 0.02990
193, 212.8, 211.2, 0.02960
194, 211.5, 203.7, 0.02931
195, 266.1, 223.7, 0.02902
196, 237.8, 206.1, 0.02873
197, 221.5, 209.5, 0.02845
198, 226.1, 215.2, 0.02817
199, 199.9, 196.1, 0.02789
200, 165.0, 210.2, 0.02761
201, 269.3, 223.1, 0.02734
202, 231.7, 211.0, 0.02707
203, 230.1, 211.9, 0.02680
204, 293.9, 234.4, 0.02653
205, 244.0, 249.7, 0.02627
206, 382.5, 241.6, 0.02601
207, 312.1, 275.7, 0.02575
208, 258.5, 222.0, 0.02550
209, 198.6, 195.0, 0.02525
210, 238.8, 212.3, 0.02500
211, 257.4, 216.9, 0.02475
212, 243.1, 230.6, 0.02450
213, 289.8, 231.1, 0.02426
214, 237.6, 237.0, 0.02402
215, 323.8, 218.0, 0.02378
216, 208.6, 241.3, 0.02355
217, 235.4, 245.7, 0.02331
218, 241.5, 228.8, 0.02308
219, 196.0, 243.1, 0.02285
220, 228.3, 207.4, 0.02263
221, 249.9, 220.6, 0.02240
222, 234.9, 208.4, 0.02218
223, 192.0, 217.3, 0.02196
224, 210.9, 228.5, 0.02175
225, 224.1, 223.5, 0.02153
226, 202.1, 245.9, 0.02132
227, 198.5, 256.8, 0.02111
228, 246.9, 243.0, 0.02090
229, 222.3, 261.2, 0.02069
230, 255.9, 260.8, 0.02048
231, 236.3, 251.1, 0.02028
232, 282.0, 259.4, 0.02008
233, 206.6, 267.3, 0.01988
234, 233.3, 276.2, 0.01969
235, 220.6, 297.5, 0.01949
236, 161.6, 257.8, 0.01930
237, 198.6, 273.8, 0.01911
238, 258.8, 262.0, 0.01892
239, 224.3, 257.9, 0.01873
240, 292.8, 241.7, 0.01854
241, 287.2, 243.9, 0.01836
242, 202.2, 233.2, 0.01818
243, 184.3, 202.9, 0.01800
244, 208.8, 208.4, 0.01782
245, 154.5, 229.2, 0.01764
246, 267.7, 192.1, 0.01747
247, 117.8, 208.8, 0.01730
248, 97.5, 179.1, 0.01713
249, 186.2, 211.6, 0.01696
250, 226.8, 233.8, 0.01679
251, 246.9, 231.0, 0.01662
252, 229.2, 223.7, 0.01646
253, 239.1, 232.7, 0.01629
254, 211.1, 244.7, 0.01613
255, 251.8, 225.5, 0.01597
256, 198.5, 260.9, 0.01582
257, 248.7, 229.2, 0.01566
258, 180.5, 221.2, 0.01550
259, 232.6, 270.7, 0.01535
260, 268.1, 272.4, 0.01520
261, 271.9, 281.0, 0.01505
262, 327.9, 254.3, 0.01490
263, 324.6, 250.9, 0.01475
264, 287.5, 258.3, 0.01461
265, 261.0, 247.0, 0.01446
266, 221.0, 244.9, 0.01432
267, 244.5, 255.9, 0.01418
268, 228.0, 230.5, 0.01404
269, 225.0, 257.6, 0.01390
270, 344.6, 277.0, 0.01376
271, 245.6, 257.6, 0.01362
272, 226.4, 263.3, 0.01349
273, 210.6, 280.9, 0.01335
274, 237.8, 274.2, 0.01322
275, 239.6, 300.3, 0.01309
276, 322.2, 274.6, 0.01296
277, 301.9, 271.5, 0.01283
278, 248.9, 294.6, 0.01271
279, 274.5, 264.5, 0.01258
280, 289.5, 266.7, 0.01246
281, 303.7, 263.5, 0.01233
282, 256.1, 269.3, 0.01221
283, 294.5, 269.1, 0.01209
284, 286.4, 275.2, 0.01197
285, 303.1, 266.8, 0.01185
286, 306.8, 261.6, 0.01173
287, 224.9, 296.0, 0.01162
288, 247.2, 266.5, 0.01150
289, 256.1, 252.9, 0.01139
290, 387.2, 255.5, 0.01128
291, 255.8, 269.4, 0.01116
292, 244.4, 254.3, 0.01105
293, 215.3, 269.3, 0.01094
294, 239.5, 249.4, 0.01084
295, 199.5, 260.4, 0.01073
296, 257.2, 239.2, 0.01062
297, 227.9, 225.6, 0.01052
298, 239.3, 237.0, 0.01041
299, 237.8, 264.1, 0.01031
300, 202.4, 306.5, 0.01021
301, 244.0, 240.4, 0.01011
302, 313.0, 255.5, 0.01001
303, 238.0, 267.4, 0.00991
304, 187.9, 244.7, 0.00981
305, 266.0, 299.1, 0.00971
306, 193.1, 239.3, 0.00962
307, 227.8, 257.8, 0.00952
308, 347.7, 266.0, 0.00943
309, 272.6, 297.1, 0.00933
310, 320.0, 267.6, 0.00924
311, 230.3, 224.7, 0.00915
312, 328.2, 284.8, 0.00906
313, 166.4, 207.2, 0.00897
314, 227.1, 269.9, 0.00888
315, 226.9, 274.7, 0.00879
316, 270.7, 285.5, 0.00871
317, 224.5, 274.7, 0.00862
318, 302.0, 266.5, 0.00853
319, 241.4, 243.9, 0.00845
320, 322.9, 258.5, 0.00837
321, 238.2, 275.7, 0.00828
322, 372.6, 248.3, 0.00820
323, 288.2, 299.2, 0.00812
324, 309.6, 256.2, 0.00804
325, 160.5, 279.5, 0.00796
326, 325.2, 265.1, 0.00788
327, 299.8, 269.8, 0.00780
328, 352.0, 271.9, 0.00773
329, 267.2, 272.4, 0.00765
330, 496.8, 315.5, 0.00757
331, 331.6, 298.7, 0.00750
332, 197.8, 297.2, 0.00742
333, 204.2, 225.6, 0.00735
334, 238.4, 306.2, 0.00728
335, 223.8, 271.6, 0.00721
336, 250.7, 285.8, 0.00713
337, 268.7, 545.2, 0.00706
338, 283.2, 288.8, 0.00699
339, 218.8, 312.6, 0.00692
340, 244.7, 322.8, 0.00686
341, 350.8, 300.0, 0.00679
342, 614.8, 383.4, 0.00672
343, 391.0, 360.2, 0.00665
344, 262.7, 323.5, 0.00659
345, 299.5, 383.1, 0.00652
346, 509.0, 336.1, 0.00646
347, 381.3, 301.9, 0.00639
348, 264.5, 277.0, 0.00633
349, 302.9, 272.2, 0.00627
350, 297.9, 311.5, 0.00621
351, 326.2, 290.3, 0.00615
352, 375.9, 319.3, 0.00608
353, 338.7, 304.6, 0.00602
354, 290.9, 328.5, 0.00596
355, 268.9, 338.3, 0.00591
356, 302.3, 294.2, 0.00585
357, 362.2, 286.3, 0.00579
358, 424.3, 287.5, 0.00573
359, 305.0, 276.1, 0.00568
360, 266.4, 250.6, 0.00562
361, 282.8, 264.1, 0.00556
362, 186.3, 277.9, 0.00551
363, 343.2, 254.5, 0.00545
364, 246.9, 302.4, 0.00540
365, 247.9, 277.1, 0.00535
366, 309.0, 265.4, 0.00529
367, 251.1, 255.2, 0.00524
368, 219.3, 259.6, 0.00519
369, 402.4, 264.5, 0.00514
370, 237.7, 262.8, 0.00509
371, 255.7, 258.9, 0.00504
372, 283.9, 267.4, 0.00499
373, 305.3, 273.6, 0.00494
374, 375.0, 281.7, 0.00489
375, 242.4, 271.5, 0.00484
376, 294.3, 287.7, 0.00479
377, 223.6, 290.6, 0.00474
378, 253.9, 241.1, 0.00470
379, 334.1, 263.2, 0.00465
380, 206.4, 280.3, 0.00460
381, 376.5, 270.9, 0.00456
382, 406.8, 240.3, 0.00451
383, 199.4, 252.7, 0.00447
384, 237.5, 292.2, 0.00443
385, 329.4, 256.3, 0.00438
386, 391.2, 243.2, 0.00434
387, 283.2, 260.2, 0.00430
388, 266.0, 289.3, 0.00425
389, 235.5, 264.5, 0.00421
390, 241.8, 231.4, 0.00417
391, 339.6, 255.3, 0.00413
392, 215.0, 251.6, 0.00409
393, 214.7, 228.2, 0.00405
394, 268.0, 222.0, 0.00401
395, 211.6, 234.0, 0.00397
396, 246.5, 232.0, 0.00393
397, 195.3, 215.8, 0.00389
398, 180.6, 217.0, 0.00385
399, 219.4, 229.8, 0.00381
400, 251.5, 220.8, 0.00377
401, 281.7, 258.7, 0.00374
402, 266.4, 282.3, 0.00370
403, 254.5, 296.4, 0.00366
404, 240.5, 263.7, 0.00363
405, 250.8, 221.7, 0.00359
406, 264.6, 337.3, 0.00356
407, 183.7, 255.2, 0.00352
408, 334.7, 268.3, 0.00349
409, 280.8, 284.7, 0.00345
410, 142.2, 243.4, 0.00342
411, 367.6, 260.7, 0.00338
412, 280.3, 278.5, 0.00335
413, 205.5, 336.0, 0.00332
414, 256.5, 281.3, 0.00328
415, 209.0, 269.2, 0.00325
416, 163.0, 242.0, 0.00322
417, 215.3, 305.9, 0.00319
418, 573.0, 249.1, 0.00316
419, 315.7, 245.0, 0.00312
420, 522.2, 411.1, 0.00309
421, 242.0, 256.1, 0.00306
422, 285.1, 280.0, 0.00303
423, 180.9, 235.0, 0.00300
424, 332.0, 235.6, 0.00297
425, 233.5, 232.6, 0.00294
426, 203.4, 217.1, 0.00291
427, 243.6, 232.7, 0.00288
428, 259.7, 252.4, 0.00286
429, 176.9, 256.6, 0.00283
430, 375.5, 286.0, 0.00280
431, 295.5, 239.3, 0.00277
432, 194.3, 239.5, 0.00274
433, 266.2, 297.4, 0.00272
434, 203.4, 268.1, 0.00269
435, 205.3, 295.0, 0.00266
436, 219.2, 290.0, 0.00264
437, 308.8, 253.1, 0.00261
438, 315.0, 283.8, 0.00259
439, 308.2, 332.8, 0.00256
440, 375.4, 238.1, 0.00253
441, 212.1, 270.8, 0.00251
442, 277.5, 277.0, 0.00248
443, 266.8, 264.7, 0.00246
444, 290.3, 280.9, 0.00244
445, 427.3, 292.2, 0.00241
446, 242.4, 266.1, 0.00239
447, 398.2, 358.6, 0.00236
448, 252.3, 318.8, 0.00234
449, 311.5, 418.3, 0.00232
450, 473.1, 342.4, 0.00229
451, 258.5, 313.2, 0.00227
452, 350.5, 423.9, 0.00225
453, 567.8, 337.2, 0.00223
454, 413.6, 415.6, 0.00221
455, 535.1, 403.9, 0.00218
456, 517.1, 319.5, 0.00216
457, 308.5, 320.6, 0.00214
458, 293.1, 365.8, 0.00212
459, 623.2, 331.2, 0.00210
460, 267.6, 327.7, 0.00208
461, 355.3, 402.5, 0.00206
462, 370.5, 327.5, 0.00204
463, 534.8, 450.9, 0.00202
464, 501.5, 320.0, 0.00200
465, 242.4, 354.9, 0.00198
466, 270.4, 315.1, 0.00196
467, 247.0, 345.2, 0.00194
468, 365.9, 435.1, 0.00192
469, 382.2, 312.5, 0.00190
470, 213.2, 313.7, 0.00188
471, 546.6, 434.0, 0.00186
472, 991.3, 376.9, 0.00184
473, 248.9, 313.1, 0.00183
474, 458.9, 374.5, 0.00181
475, 215.4, 351.7, 0.00179
476, 355.4, 378.4, 0.00177
477, 475.3, 412.8, 0.00175
478, 218.1, 361.7, 0.00174
479, 406.7, 348.5, 0.00172
480, 345.3, 329.2, 0.00170
481, 408.3, 370.4, 0.00169
482, 241.0, 365.9, 0.00167
483, 487.3, 325.5, 0.00165
484, 425.1, 386.2, 0.00164
485, 370.5, 383.7, 0.00162
486, 775.2, 325.2, 0.00160
487, 377.2, 314.4, 0.00159
488, 414.4, 322.0, 0.00157
489, 256.2, 373.5, 0.00156
490, 289.0, 292.6, 0.00154
491, 203.4, 368.0, 0.00153
492, 337.8, 384.7, 0.00151
493, 919.0, 459.6, 0.00150
494, 762.5, 401.5, 0.00148
495, 266.1, 473.3, 0.00147
496, 273.1, 405.6, 0.00145
497, 676.5, 398.2, 0.00144
498, 268.1, 457.7, 0.00142
499, 859.7, 497.4, 0.00141
500, 975.3, 433.8, 0.00140
501, 362.2, 534.1, 0.00138
502, 326.9, 421.7, 0.00137
503, 349.0, 464.2, 0.00135
504, 726.4, 432.1, 0.00134
505, 302.7, 384.3, 0.00133
506, 287.8, 370.8, 0.00131
507, 300.3, 395.8, 0.00130
508, 379.5, 460.6, 0.00129
509, 230.0, 496.0, 0.00128
510, 250.5, 598.5, 0.00126
511, 266.5, 686.9, 0.00125
512, 231.9, 534.1, 0.00124
513, 263.2, 697.8, 0.00123
514, 791.1, 478.3, 0.00121
515, 276.9, 642.9, 0.00120
516, 258.8, 792.3, 0.00119
517, 984.0, 433.7, 0.00118
518, 518.0, 371.8, 0.00117
519, 298.6, 358.9, 0.00115
520, 226.0, 322.2, 0.00114
521, 272.7, 329.3, 0.00113
522, 349.8, 376.7, 0.00112
523, 410.8, 447.5, 0.00111
524, 233.6, 401.4, 0.00110
525, 347.4, 512.4, 0.00109
526, 370.5, 351.3, 0.00108
527, 458.0, 484.0, 0.00107
528, 408.4, 381.4, 0.00106
529, 232.9, 316.1, 0.00105
530, 254.1, 417.2, 0.00104
531, 503.0, 385.5, 0.00102
532, 513.4, 338.0, 0.00101
533, 383.5, 352.8, 0.00100
534, 394.0, 405.2, 0.00099
535, 479.2, 378.1, 0.00098
536, 457.0, 319.4, 0.00098
537, 301.8, 485.2, 0.00097
538, 206.9, 467.3, 0.00096
539, 299.0, 375.5, 0.00095
540, 383.4, 288.0, 0.00094
541, 281.3, 291.3, 0.00093
542, 395.4, 334.9, 0.00092
543, 518.6, 304.4, 0.00091
544, 251.5, 291.1, 0.00090
545, 572.6, 288.2, 0.00089
546, 288.5, 300.4, 0.00088
547, 403.2, 287.1, 0.00087
548, 241.0, 265.0, 0.00087
549, 397.7, 296.8, 0.00086
550, 252.0, 505.5, 0.00085
551, 283.6, 465.4, 0.00084
552, 278.8, 560.9, 0.00083
553, 263.4, 468.3, 0.00082
554, 798.7, 567.0, 0.00082
555, 253.0, 513.5, 0.00081
556, 985.0, 442.2, 0.00080
557, 231.4, 460.7, 0.00079
558, 634.6, 522.2, 0.00078
559, 298.5, 420.0, 0.00078
560, 315.4, 403.5, 0.00077
561, 436.9, 444.4, 0.00076
562, 321.1, 357.3, 0.00075
563, 516.9, 453.1, 0.00075
564, 537.2, 375.6, 0.00074
565, 268.2, 646.0, 0.00073
566, 440.5, 445.3, 0.00072
567, 347.2, 526.1, 0.00072
568, 929.9, 434.3, 0.00071
569, 405.5, 368.6, 0.00070
570, 439.6, 316.5, 0.00070
571, 366.8, 341.0, 0.00069
572, 301.4, 309.1, 0.00068
573, 353.0, 317.3, 0.00067
574, 397.3, 753.5, 0.00067
575, 600.8, 571.4, 0.00066
576, 453.8, 475.4, 0.00065
577, 254.5, 690.8, 0.00065
578, 860.5, 654.6, 0.00064
579, 255.7, 300.9, 0.00064
580, 312.8, 418.0, 0.00063
581, 212.2, 333.6, 0.00062
582, 263.3, 321.5, 0.00062
583, 304.7, 405.1, 0.00061
584, 463.2, 329.7, 0.00060
585, 268.4, 393.4, 0.00060
586, 201.5, 344.4, 0.00059
587, 348.7, 385.5, 0.00059
588, 427.1, 487.3, 0.00058
589, 407.6, 370.4, 0.00058
590, 472.4, 440.7, 0.00057
591, 360.4, 443.1, 0.00056
592, 341.0, 346.1, 0.00056
593, 352.6, 315.3, 0.00055
594, 339.8, 467.6, 0.00055
595, 397.4, 568.8, 0.00054
596, 977.2, 382.2, 0.00054
597, 245.4, 559.8, 0.00053
598, 717.1, 620.2, 0.00053
599, 415.5, 489.2, 0.00052
600, 341.7, 384.5, 0.00052
601, 287.5, 431.9, 0.00051
602, 278.1, 434.0, 0.00051
603, 497.6, 407.1, 0.00050
604, 437.7, 477.0, 0.00050
605, 317.4, 335.2, 0.00049
606, 243.4, 652.7, 0.00049
607, 460.1, 596.7, 0.00048
608, 221.3, 359.9, 0.00048
609, 415.1, 357.1, 0.00047
610, 391.4, 356.4, 0.00047
611, 282.0, 436.4, 0.00046
612, 513.9, 346.9, 0.00046
613, 306.5, 441.5, 0.00045
614, 446.0, 356.9, 0.00045
615, 348.2, 383.8, 0.00044
616, 322.7, 327.7, 0.00044
617, 332.6, 385.9, 0.00044
618, 630.8, 401.0, 0.00043
619, 307.2, 392.7, 0.00043
620, 230.8, 351.0, 0.00042
621, 459.1, 335.5, 0.00042
622, 363.1, 303.9, 0.00041
623, 370.8, 292.2, 0.00041
624, 378.4, 293.3, 0.00041
625, 341.9, 424.8, 0.00040
626, 349.3, 551.6, 0.00040
627, 258.4, 357.0, 0.00039
628, 319.1, 428.3, 0.00039
629, 560.5, 349.9, 0.00039
630, 301.2, 380.1, 0.00038
631, 208.8, 313.9, 0.00038
632, 290.3, 323.1, 0.00038
633, 331.7, 366.6, 0.00037
634, 312.0, 320.5, 0.00037
635, 324.6, 326.9, 0.00036
636, 338.5, 293.3, 0.00036
637, 322.4, 317.1, 0.00036
638, 304.0, 337.6, 0.00035
639, 349.7, 320.9, 0.00035
640, 291.8, 298.7, 0.00035
641, 274.7, 338.7, 0.00034
642, 350.4, 333.3, 0.00034
643, 310.5, 306.7, 0.00034
644, 286.1, 325.7, 0.00033
645, 346.3, 332.4, 0.00033
646, 293.3, 317.1, 0.00033
647, 290.6, 517.5, 0.00032
648, 784.5, 395.0, 0.00032
649, 275.8, 521.7, 0.00032
650, 412.9, 391.1, 0.00031
651, 355.1, 374.9, 0.00031
652, 288.5, 470.5, 0.00031
653, 459.8, 351.2, 0.00030
654, 316.6, 460.0, 0.00030
655, 212.5, 378.4, 0.00030
656, 408.8, 523.4, 0.00030
657, 518.2, 525.4, 0.00029
658, 585.8, 532.9, 0.00029
659, 232.1, 427.8, 0.00029
660, 529.5, 281.0, 0.00028
661, 355.4, 349.4, 0.00028
662, 305.6, 285.5, 0.00028
663, 250.2, 251.5, 0.00028
664, 286.4, 289.9, 0.00027
665, 292.7, 326.9, 0.00027
666, 422.1, 320.5, 0.00027
667, 234.8, 274.8, 0.00026
668, 281.8, 258.8, 0.00026
669, 243.1, 316.2, 0.00026
670, 240.0, 358.5, 0.00026
671, 441.6, 320.4, 0.00025
672, 396.2, 341.5, 0.00025
673, 310.0, 263.7, 0.00025
674, 336.2, 297.9, 0.00025
675, 365.8, 304.1, 0.00024
676, 204.8, 339.6, 0.00024
677, 281.4, 357.1, 0.00024
678, 239.9, 364.5, 0.00024
679, 296.5, 418.3, 0.00024
680, 379.4, 431.3, 0.00023
681, 355.3, 385.4, 0.00023
682, 398.3, 375.4, 0.00023
683, 250.6, 373.3, 0.00023
684, 296.5, 367.4, 0.00022
685, 384.5, 525.7, 0.00022
686, 243.4, 451.8, 0.00022
687, 742.2, 502.8, 0.00022
688, 460.2, 438.1, 0.00021
689, 375.2, 609.6, 0.00021
690, 689.1, 453.3, 0.00021
691, 256.4, 526.6, 0.00021
692, 563.5, 547.9, 0.00021
693, 281.3, 587.5, 0.00020
694, 739.5, 719.2, 0.00020
695, 265.7, 748.1, 0.00020
696, 981.8, 826.7, 0.00020
697, 985.5, 699.5, 0.00020
698, 347.1, 688.7, 0.00019
699, 487.5, 505.0, 0.00019
700, 803.9, 709.0, 0.00019
701, 798.9, 490.1, 0.00019
702, 554.2, 413.8, 0.00019
703, 371.7, 488.7, 0.00019
704, 819.4, 657.6, 0.00018
705, 792.5, 415.7, 0.00018
706, 407.2, 390.8, 0.00018
707, 537.6, 343.4, 0.00018
708, 328.2, 354.2, 0.00018
709, 319.0, 322.0, 0.00017
710, 340.9, 387.3, 0.00017
711, 364.3, 474.7, 0.00017
712, 416.5, 365.2, 0.00017
713, 376.4, 358.1, 0.00017
714, 309.6, 327.2, 0.00017
715, 342.4, 348.0, 0.00016
716, 342.3, 587.7, 0.00016
717, 665.2, 874.5, 0.00016
718, 990.4, 564.3, 0.00016
719, 541.8, 425.0, 0.00016
720, 318.0, 514.5, 0.00016
721, 617.5, 432.5, 0.00015
722, 689.7, 422.0, 0.00015
723, 437.9, 559.8, 0.00015
724, 539.0, 348.1, 0.00015
725, 441.3, 355.4, 0.00015
726, 377.0, 380.2, 0.00015
727, 406.2, 380.6, 0.00015
728, 389.7, 288.3, 0.00014
729, 485.0, 260.7, 0.00014
730, 263.4, 302.8, 0.00014
731, 217.1, 312.9, 0.00014
732, 291.8, 302.8, 0.00014
733, 276.5, 375.8, 0.00014
734, 349.8, 386.9, 0.00014
735, 443.7, 553.8, 0.00013
736, 876.1, 479.9, 0.00013
737, 598.0, 480.5, 0.00013
738, 524.6, 364.4, 0.00013
739, 413.1, 429.2, 0.00013
740, 357.1, 360.4, 0.00013
741, 344.0, 498.4, 0.00013
742, 521.6, 485.6, 0.00013
743, 360.0, 436.4, 0.00012
744, 581.7, 426.2, 0.00012
745, 668.0, 787.7, 0.00012
746, 420.5, 981.0, 0.00012
747, 994.6, 870.5, 0.00012
748, 351.2, 855.7, 0.00012
749, 794.3, 744.7, 0.00012
750, 940.6, 624.1, 0.00012
751, 633.9, 527.3, 0.00011
752, 332.0, 476.8, 0.00011
753, 373.3, 519.6, 0.00011
754, 553.7, 513.3, 0.00011
755, 529.5, 582.8, 0.00011
756, 380.1, 342.6, 0.00011
757, 342.7, 430.5, 0.00011
758, 339.1, 394.7, 0.00011
759, 408.9, 381.4, 0.00011
760, 350.6, 345.9, 0.00010
761, 388.8, 326.5, 0.00010
762, 351.6, 340.6, 0.00010
763, 355.7, 323.5, 0.00010
764, 295.0, 308.7, 0.00010
765, 402.2, 365.8, 0.00010
766, 440.3, 466.6, 0.00010
767, 472.7, 513.6, 0.00010
768, 520.5, 888.1, 0.00010
769, 946.5, 604.8, 0.00010
770, 648.6, 800.1, 0.00010
771, 457.0, 666.2, 0.00009
772, 667.6, 742.7, 0.00009
773, 685.5, 756.7, 0.00009
774, 335.8, 426.4, 0.00009
775, 503.6, 518.6, 0.00009
776, 527.0, 375.7, 0.00009
777, 336.1, 333.5, 0.00009
778, 331.5, 544.4, 0.00009
779, 479.1, 791.2, 0.00009
780, 597.2, 398.0, 0.00009
781, 426.7, 616.1, 0.00009
782, 430.2, 378.7, 0.00008
783, 363.2, 454.0, 0.00008
784, 467.0, 513.2, 0.00008
785, 743.3, 542.2, 0.00008
786, 636.2, 786.0, 0.00008
787, 666.5, 784.1, 0.00008
788, 380.0, 503.6, 0.00008
789, 511.6, 752.8, 0.00008
790, 560.1, 911.2, 0.00008
791, 976.2, 838.3, 0.00008
792, 720.5, 743.4, 0.00008
793, 630.3, 924.3, 0.00008
794, 358.6, 882.0, 0.00007
795, 980.8, 790.6, 0.00007
796, 713.3, 598.3, 0.00007
797, 405.1, 637.5, 0.00007
798, 714.4, 802.5, 0.00007
799, 744.2, 699.0, 0.00007
800, 869.8, 672.4, 0.00007
801, 289.0, 536.3, 0.00007
802, 571.8, 506.9, 0.00007
803, 374.5, 439.4, 0.00007
804, 468.8, 577.1, 0.00007
805, 648.6, 567.4, 0.00007
806, 686.2, 507.0, 0.00007
807, 634.6, 642.3, 0.00007
808, 335.4, 559.1, 0.00007
809, 666.0, 350.5, 0.00006
810, 488.7, 460.8, 0.00006
811, 397.4, 408.7, 0.00006
812, 299.8, 504.5, 0.00006
813, 286.1, 422.6, 0.00006
814, 276.3, 503.1, 0.00006
815, 541.1, 473.7, 0.00006
816, 505.8, 549.2, 0.00006
817, 289.6, 374.9, 0.00006
818, 466.9, 429.3, 0.00006
819, 409.3, 388.9, 0.00006
820, 298.3, 510.7, 0.00006
821, 266.0, 390.2, 0.00006
822, 357.3, 302.5, 0.00006
823, 284.3, 409.5, 0.00006
824, 358.8, 511.6, 0.00006
825, 656.7, 386.0, 0.00005
826, 381.8, 386.0, 0.00005
827, 851.6, 366.0, 0.00005
828, 369.5, 375.6, 0.00005
829, 532.7, 359.4, 0.00005
830, 308.6, 351.3, 0.00005
831, 345.8, 432.6, 0.00005
832, 564.0, 379.6, 0.00005
833, 396.5, 473.2, 0.00005
834, 467.9, 386.7, 0.00005
835, 413.4, 352.0, 0.00005
836, 347.9, 337.8, 0.00005
837, 383.6, 675.7, 0.00005
838, 946.9, 488.4, 0.00005
839, 718.6, 516.5, 0.00005
840, 273.4, 546.9, 0.00005
841, 975.3, 799.1, 0.00005
842, 964.9, 650.6, 0.00005
843, 240.4, 521.4, 0.00005
844, 325.9, 670.8, 0.00005
845, 902.4, 690.0, 0.00005
846, 940.6, 512.2, 0.00004
847, 418.1, 425.4, 0.00004
848, 518.3, 458.1, 0.00004
849, 500.7, 297.2, 0.00004
850, 270.5, 305.5, 0.00004
851, 316.6, 279.4, 0.00004
852, 406.1, 238.8, 0.00004
853, 258.1, 261.0, 0.00004
854, 250.5, 256.7, 0.00004
855, 290.3, 277.6, 0.00004
856, 268.3, 290.4, 0.00004
857, 313.1, 347.7, 0.00004
858, 408.4, 293.9, 0.00004
859, 296.0, 313.9, 0.00004
860, 312.6, 411.8, 0.00004
861, 341.1, 555.1, 0.00004
862, 363.0, 598.6, 0.00004
863, 650.7, 665.2, 0.00004
864, 633.7, 480.1, 0.00004
865, 384.6, 728.2, 0.00004
866, 918.8, 724.7, 0.00004
867, 605.0, 644.8, 0.00004
868, 585.6, 654.1, 0.00004
869, 671.5, 571.4, 0.00004
870, 578.1, 675.2, 0.00004
871, 501.9, 580.8, 0.00003
872, 437.2, 598.5, 0.00003
873, 363.7, 851.8, 0.00003
874, 880.5, 597.3, 0.00003
875, 607.6, 727.5, 0.00003
876, 494.1, 847.0, 0.00003
877, 942.7, 638.5, 0.00003
878, 456.9, 879.2, 0.00003
879, 919.8, 542.0, 0.00003
880, 406.0, 347.7, 0.00003
881, 338.7, 341.6, 0.00003
882, 340.9, 344.4, 0.00003
883, 473.1, 308.7, 0.00003
884, 274.1, 272.3, 0.00003
885, 284.1, 293.0, 0.00003
886, 259.6, 284.9, 0.00003
887, 248.8, 298.3, 0.00003
888, 240.7, 311.4, 0.00003
889, 309.6, 327.4, 0.00003
890, 336.5, 263.1, 0.00003
891, 302.4, 324.2, 0.00003
892, 284.9, 311.2, 0.00003
893, 288.1, 310.5, 0.00003
894, 286.4, 354.3, 0.00003
895, 299.4, 389.3, 0.00003
896, 407.7, 398.7, 0.00003
897, 318.4, 350.5, 0.00003
898, 293.4, 421.6, 0.00003
899, 455.3, 379.8, 0.00003
900, 303.6, 363.5, 0.00003
901, 375.4, 309.4, 0.00003
902, 326.9, 301.5, 0.00003
903, 313.0, 345.2, 0.00003
904, 336.1, 342.9, 0.00003
905, 395.1, 389.7, 0.00002
906, 246.3, 293.7, 0.00002
907, 241.1, 318.8, 0.00002
908, 305.0, 326.9, 0.00002
909, 322.3, 396.3, 0.00002
910, 542.2, 300.9, 0.00002
911, 288.4, 283.4, 0.00002
912, 311.3, 292.6, 0.00002
913, 300.4, 287.7, 0.00002
914, 284.3, 269.3, 0.00002
915, 299.5, 294.7, 0.00002
916, 262.1, 345.9, 0.00002
917, 380.1, 341.5, 0.00002
918, 376.6, 311.3, 0.00002
919, 281.1, 297.6, 0.00002
920, 283.9, 300.6, 0.00002
921, 282.9, 328.4, 0.00002
922, 301.6, 331.1, 0.00002
923, 328.0, 309.2, 0.00002
924, 301.2, 346.9, 0.00002
925, 309.8, 346.9, 0.00002
926, 327.7, 394.5, 0.00002
927, 383.2, 395.3, 0.00002
928, 366.8, 440.7, 0.00002
929, 395.6, 471.6, 0.00002
930, 535.1, 393.8, 0.00002
931, 292.1, 366.4, 0.00002
932, 331.5, 382.4, 0.00002
933, 379.2, 394.9, 0.00002
934, 417.8, 337.8, 0.00002
935, 378.2, 366.1, 0.00002
936, 389.2, 350.0, 0.00002
937, 345.9, 401.7, 0.00002
938, 395.3, 427.9, 0.00002
939, 350.8, 774.6, 0.00002
940, 814.2, 436.2, 0.00002
941, 608.6, 955.3, 0.00002
942, 959.8, 438.4, 0.00002
943, 456.8, 421.1, 0.00002
944, 455.2, 392.4, 0.00002
945, 354.7, 421.1, 0.00002
946, 381.3, 363.1, 0.00002
947, 349.8, 404.0, 0.00002
948, 373.4, 400.5, 0.00002
949, 400.2, 417.4, 0.00002
950, 448.2, 400.9, 0.00002
951, 441.0, 373.4, 0.00002
952, 393.0, 385.1, 0.00002
953, 370.8, 662.4, 0.00002
954, 341.2, 401.9, 0.00002
955, 509.0, 547.8, 0.00002
956, 579.7, 386.3, 0.00001
957, 399.7, 414.0, 0.00001
958, 382.8, 464.0, 0.00001
959, 464.0, 458.2, 0.00001
960, 547.7, 562.3, 0.00001
961, 562.6, 463.3, 0.00001
962, 421.1, 414.9, 0.00001
963, 420.9, 624.5, 0.00001
964, 584.8, 559.6, 0.00001
965, 860.8, 631.4, 0.00001
966, 479.0, 515.2, 0.00001
967, 386.5, 398.0, 0.00001
968, 377.1, 532.3, 0.00001
969, 502.4, 483.3, 0.00001
970, 489.8, 408.9, 0.00001
971, 421.0, 383.7, 0.00001
972, 381.9, 359.9, 0.00001
973, 354.3, 339.4, 0.00001
974, 390.6, 360.3, 0.00001
975, 346.7, 340.9, 0.00001
976, 309.6, 286.7, 0.00001
977, 295.5, 320.6, 0.00001
978, 470.0, 341.6, 0.00001
979, 301.0, 340.9, 0.00001
980, 350.6, 376.7, 0.00001
981, 312.4, 298.5, 0.00001
982, 271.4, 723.5, 0.00001
983, 654.1, 520.1, 0.00001
984, 290.6, 565.3, 0.00001
985, 519.8, 575.3, 0.00001
986, 575.6, 421.2, 0.00001
987, 403.1, 401.5, 0.00001
988, 340.3, 398.4, 0.00001
989, 385.2, 420.2, 0.00001
990, 396.2, 490.0, 0.00001
991, 415.9, 506.0, 0.00001
992, 450.3, 343.9, 0.00001
993, 358.3, 360.1, 0.00001
994, 349.0, 295.9, 0.00001
995, 317.3, 319.1, 0.00001
996, 355.8, 296.0, 0.00001
997, 304.9, 400.9, 0.00001
998, 622.7, 857.4, 0.00001
999, 697.0, 964.5, 0.00001
1000, 968.6, 923.0, 0.00001
1001, 922.2, 959.3, 0.00001
1002, 958.9, 936.5, 0.00001
1003, 920.7, 905.1, 0.00001
1004, 904.2, 896.2, 0.00001
1005, 890.1, 887.6, 0.00001
1006, 878.6, 796.6, 0.00001
1007, 907.6, 543.0, 0.00001
1008, 464.9, 533.1, 0.00001
1009, 416.1, 384.8, 0.00001
1010, 400.3, 978.2, 0.00001
1011, 970.5, 641.9, 0.00001
1012, 772.8, 737.1, 0.00001
1013, 730.7, 901.8, 0.00001
1014, 968.5, 647.9, 0.00001
1015, 664.2, 438.0, 0.00001
1016, 507.8, 576.0, 0.00001
1017, 781.7, 574.5, 0.00001
1018, 375.4, 511.0, 0.00001
1019, 490.6, 645.2, 0.00001
1020, 868.3, 499.4, 0.00001
1021, 449.4, 523.0, 0.00001
1022, 527.6, 500.6, 0.00001
1023, 447.3, 454.9, 0.00001
1024, 480.0, 478.1, 0.00001
1025, 523.5, 640.3, 0.00001
1026, 516.6, 500.6, 0.00001
1027, 380.5, 802.3, 0.00001
1028, 819.4, 451.2, 0.00001
1029, 453.1, 600.1, 0.00001
1030, 454.6, 537.9, 0.00001
1031, 450.3, 481.0, 0.00001
1032, 441.7, 775.3, 0.00001
1033, 564.2, 708.5, 0.00001
1034, 819.8, 715.8, 0.00001
1035, 822.2, 498.7, 0.00001
1036, 532.6, 505.5, 0.00001
1037, 389.9, 394.1, 0.00001
1038, 362.3, 869.5, 0.00001
1039, 902.3, 920.9, 0.00001
1040, 969.1, 968.9, 0.00001
1041, 992.3, 969.6, 0.00001
1042, 967.1, 972.9, 0.00001
1043, 959.5, 980.7, 0.00001
1044, 986.1, 983.0, 0.00001
1045, 983.2, 986.5, 0.00001
1046, 988.4, 976.3, 0.00001
1047, 974.3, 989.5, 0.00001
1048, 993.8, 701.5, 0.00001
1049, 847.2, 865.1, 0.00001
1050, 974.3, 811.8, 0.00001
1051, 976.3, 703.6, 0.00001
1052, 450.6, 540.3, 0.00001
1053, 452.6, 652.3, 0.00001
1054, 623.1, 509.8, 0.00001
1055, 598.5, 525.4, 0.00001
1056, 533.8, 582.6, 0.00001
1057, 961.1, 375.9, 0.00001
1058, 510.0, 548.3, 0.00001
1059, 356.5, 560.7, 0.00001
1060, 602.8, 896.3, 0.00001
1061, 920.7, 779.9, 0.00001
1062, 946.5, 910.6, 0.00001
1063, 935.7, 945.2, 0.00001
1064, 943.4, 966.0, 0.00001
1065, 377.8, 823.1, 0.00001
1066, 941.4, 709.6, 0.00000
1067, 758.8, 788.2, 0.00000
1068, 497.0, 700.5, 0.00000
1069, 711.9, 498.9, 0.00000
1070, 418.1, 644.1, 0.00000
1071, 953.3, 494.0, 0.00000
1072, 579.4, 434.4, 0.00000
1073, 408.1, 506.3, 0.00000
1074, 639.1, 399.9, 0.00000
1075, 452.0, 314.8, 0.00000
1076, 294.4, 349.3, 0.00000
1077, 379.0, 388.2, 0.00000
1078, 418.1, 496.4, 0.00000
1079, 520.8, 633.0, 0.00000
1080, 605.4, 928.5, 0.00000
1081, 931.6, 941.6, 0.00000
1082, 952.0, 930.5, 0.00000
1083, 921.3, 836.7, 0.00000
1084, 946.7, 903.0, 0.00000
1085, 948.4, 941.3, 0.00000
1086, 941.7, 714.2, 0.00000
1087, 727.4, 937.7, 0.00000
1088, 939.8, 919.5, 0.00000
1089, 921.0, 868.2, 0.00000
1090, 876.5, 793.7, 0.00000
1091, 941.0, 671.3, 0.00000
1092, 780.0, 639.7, 0.00000
1093, 435.9, 537.8, 0.00000
1094, 791.7, 466.5, 0.00000
1095, 492.9, 562.1, 0.00000
1096, 438.7, 498.0, 0.00000
1097, 665.5, 688.7, 0.00000
1098, 521.2, 648.8, 0.00000
1099, 666.7, 703.9, 0.00000
1100, 474.0, 384.9, 0.00000
1101, 377.8, 788.2, 0.00000
1102, 680.6, 843.1, 0.00000
1103, 601.3, 948.3, 0.00000
1104, 958.3, 943.5, 0.00000
1105, 962.2, 940.9, 0.00000
1106, 949.8, 974.9, 0.00000
1107, 973.4, 950.6, 0.00000
1108, 965.4, 957.7, 0.00000
1109, 956.7, 918.7, 0.00000
1110, 916.3, 975.8, 0.00000
1111, 978.6, 957.0, 0.00000
1112, 937.2, 810.3, 0.00000
1113, 837.7, 887.4, 0.00000
1114, 868.2, 927.0, 0.00000
1115, 927.9, 913.2, 0.00000
1116, 908.8, 963.4, 0.00000
1117, 971.3, 948.4, 0.00000
1118, 941.2, 974.2, 0.00000
1119, 978.4, 972.6, 0.00000
1120, 972.8, 947.7, 0.00000
1121, 953.9, 909.6, 0.00000
1122, 995.7, 958.2, 0.00000
1123, 980.6, 642.5, 0.00000
1124, 538.0, 610.1, 0.00000
1125, 578.0, 309.7, 0.00000
1126, 343.1, 325.8, 0.00000
1127, 283.6, 334.9, 0.00000
1128, 360.8, 290.9, 0.00000
1129, 275.0, 323.0, 0.00000
1130, 226.1, 815.1, 0.00000
1131, 243.7, 550.9, 0.00000
1132, 291.5, 348.4, 0.00000
1133, 276.4, 833.1, 0.00000
1134, 923.2, 593.7, 0.00000
1135, 493.9, 624.0, 0.00000
1136, 727.6, 535.6, 0.00000
1137, 349.2, 393.4, 0.00000
1138, 373.3, 426.8, 0.00000
1139, 412.1, 480.5, 0.00000
1140, 450.8, 376.0, 0.00000
1141, 343.5, 631.5, 0.00000
1142, 411.1, 517.8, 0.00000
1143, 841.9, 449.1, 0.00000
1144, 430.6, 470.4, 0.00000
1145, 509.9, 433.1, 0.00000
1146, 453.5, 502.5, 0.00000
1147, 452.6, 658.8, 0.00000
1148, 843.6, 513.8, 0.00000
1149, 590.2, 543.2, 0.00000
1150, 533.5, 405.7, 0.00000
1151, 348.4, 561.3, 0.00000
1152, 512.3, 506.7, 0.00000
1153, 461.6, 579.0, 0.00000
1154, 605.9, 721.8, 0.00000
1155, 919.5, 735.6, 0.00000
1156, 853.8, 508.8, 0.00000
1157, 495.9, 625.4, 0.00000
1158, 591.0, 790.8, 0.00000
1159, 687.2, 469.2, 0.00000
1160, 482.9, 834.0, 0.00000
1161, 923.4, 692.3, 0.00000
1162, 280.9, 895.2, 0.00000
1163, 893.1, 766.6, 0.00000
1164, 957.0, 960.1, 0.00000
1165, 972.6, 944.3, 0.00000
1166, 943.1, 737.5, 0.00000
1167, 990.5, 782.3, 0.00000
1168, 887.5, 793.2, 0.00000
1169, 786.1, 882.2, 0.00000
1170, 953.8, 901.4, 0.00000
1171, 955.9, 530.9, 0.00000
1172, 499.9, 758.6, 0.00000
1173, 940.2, 568.5, 0.00000
1174, 445.6, 635.4, 0.00000
1175, 878.8, 777.8, 0.00000
1176, 895.5, 483.2, 0.00000
1177, 969.6, 506.7, 0.00000
1178, 407.0, 508.0, 0.00000
1179, 704.2, 425.4, 0.00000
1180, 456.6, 350.1, 0.00000
1181, 391.8, 323.1, 0.00000
1182, 318.8, 352.8, 0.00000
1183, 381.8, 423.2, 0.00000
1184, 562.2, 825.5, 0.00000
1185, 905.8, 718.9, 0.00000
1186, 953.7, 514.8, 0.00000
1187, 676.3, 366.5, 0.00000
1188, 452.5, 375.5, 0.00000
1189, 419.0, 391.3, 0.00000
1190, 385.2, 349.0, 0.00000
1191, 405.4, 339.9, 0.00000
1192, 374.8, 384.8, 0.00000
1193, 423.9, 336.2, 0.00000
1194, 320.3, 324.4, 0.00000
1195, 332.8, 345.7, 0.00000
1196, 305.6, 327.9, 0.00000
1197, 328.0, 351.3, 0.00000
1198, 316.4, 317.5, 0.00000
1199, 303.3, 477.9, 0.00000
1200, 480.6, 455.8, 0.00000
1201, 396.0, 418.0, 0.00000
1202, 362.1, 426.7, 0.00000
1203, 429.7, 477.0, 0.00000
1204, 488.1, 465.2, 0.00000
1205, 512.0, 424.1, 0.00000
1206, 399.2, 442.0, 0.00000
1207, 408.8, 409.5, 0.00000
1208, 303.7, 360.6, 0.00000
1209, 359.9, 340.2, 0.00000
1210, 282.4, 380.8, 0.00000
1211, 441.2, 344.2, 0.00000
1212, 307.6, 344.2, 0.00000
1213, 395.8, 320.1, 0.00000
1214, 415.5, 335.7, 0.00000
1215, 296.3, 313.3, 0.00000
1216, 292.3, 311.9, 0.00000
1217, 284.3, 306.2, 0.00000
1218, 310.6, 305.2, 0.00000
1219, 291.9, 305.0, 0.00000
1220, 295.6, 315.2, 0.00000
1221, 315.3, 349.9, 0.00000
1222, 365.2, 825.4, 0.00000
1223, 821.5, 800.6, 0.00000
1224, 791.9, 818.2, 0.00000
1225, 818.1, 823.1, 0.00000
1226, 828.1, 407.1, 0.00000
1227, 427.3, 577.9, 0.00000
1228, 512.4, 449.9, 0.00000
1229, 347.3, 403.0, 0.00000
1230, 396.2, 466.3, 0.00000
1231, 543.3, 478.2, 0.00000
1232, 517.4, 539.5, 0.00000
1233, 611.2, 883.0, 0.00000
1234, 936.9, 706.6, 0.00000
1235, 587.4, 899.5, 0.00000
1236, 358.0, 855.2, 0.00000
1237, 896.9, 530.3, 0.00000
1238, 544.9, 694.1, 0.00000
1239, 831.8, 781.7, 0.00000
1240, 817.9, 828.1, 0.00000
1241, 867.9, 835.0, 0.00000
1242, 834.1, 704.9, 0.00000
1243, 870.4, 492.8, 0.00000
1244, 443.1, 459.3, 0.00000
1245, 442.3, 423.8, 0.00000
1246, 617.4, 800.1, 0.00000
1247, 962.8, 426.9, 0.00000
1248, 950.2, 968.3, 0.00000
1249, 966.3, 883.4, 0.00000
1250, 834.1, 938.0, 0.00000
1251, 928.5, 947.5, 0.00000
1252, 941.4, 956.4, 0.00000
1253, 927.3, 925.7, 0.00000
1254, 927.0, 859.2, 0.00000
1255, 486.8, 973.6, 0.00000
1256, 973.0, 790.7, 0.00000
1257, 977.6, 908.6, 0.00000
1258, 956.7, 803.9, 0.00000
1259, 960.0, 969.0, 0.00000
1260, 979.3, 870.1, 0.00000
1261, 965.6, 646.8, 0.00000
1262, 942.5, 690.7, 0.00000
1263, 438.8, 553.4, 0.00000
1264, 494.4, 386.0, 0.00000
1265, 369.4, 387.9, 0.00000
1266, 338.5, 433.8, 0.00000
1267, 359.0, 423.5, 0.00000
1268, 325.2, 484.6, 0.00000
1269, 272.7, 444.0, 0.00000
1270, 311.5, 496.7, 0.00000
1271, 690.3, 488.2, 0.00000
1272, 419.2, 425.0, 0.00000
1273, 347.4, 548.3, 0.00000
1274, 339.9, 442.9, 0.00000
1275, 508.3, 413.3, 0.00000
1276, 378.7, 497.4, 0.00000
1277, 547.8, 505.9, 0.00000
1278, 554.9, 652.3, 0.00000
1279, 711.3, 385.0, 0.00000
1280, 377.4, 648.9, 0.00000
1281, 821.0, 656.6, 0.00000
1282, 816.1, 791.0, 0.00000
1283, 779.6, 804.2, 0.00000
1284, 853.1, 648.2, 0.00000
1285, 313.6, 402.9, 0.00000
1286, 401.1, 396.8, 0.00000
1287, 416.7, 383.2, 0.00000
1288, 345.2, 407.6, 0.00000
1289, 503.4, 563.6, 0.00000
1290, 808.4, 389.9, 0.00000
1291, 453.3, 884.7, 0.00000
1292, 845.4, 756.3, 0.00000
1293, 777.2, 845.1, 0.00000
1294, 883.9, 856.9, 0.00000
1295, 845.0, 885.7, 0.00000
1296, 812.1, 452.8, 0.00000
1297, 893.8, 336.9, 0.00000
1298, 315.2, 326.0, 0.00000
1299, 505.4, 828.9, 0.00000
1300, 546.8, 733.4, 0.00000
1301, 835.9, 891.3, 0.00000
1302, 910.6, 624.3, 0.00000
1303, 780.3, 717.5, 0.00000
1304, 824.4, 852.0, 0.00000
1305, 887.6, 806.4, 0.00000
1306, 815.4, 806.3, 0.00000
1307, 809.3, 842.1, 0.00000
1308, 845.3, 683.5, 0.00000
1309, 652.9, 833.9, 0.00000
1310, 876.9, 797.6, 0.00000
1311, 907.2, 587.6, 0.00000
1312, 622.4, 918.4, 0.00000
1313, 919.2, 815.3, 0.00000
1314, 883.8, 614.2, 0.00000
1315, 506.4, 853.1, 0.00000
1316, 904.0, 859.8, 0.00000
1317, 438.8, 427.8, 0.00000
1318, 340.4, 589.9, 0.00000
1319, 474.0, 601.3, 0.00000
1320, 577.0, 850.4, 0.00000
1321, 846.7, 882.7, 0.00000
1322, 843.9, 915.4, 0.00000
1323, 904.9, 894.6, 0.00000
1324, 895.9, 862.0, 0.00000
1325, 883.6, 616.5, 0.00000
1326, 542.6, 533.2, 0.00000
1327, 380.7, 725.7, 0.00000
1328, 631.3, 674.6, 0.00000
1329, 566.2, 558.6, 0.00000
1330, 511.8, 672.0, 0.00000
1331, 781.0, 488.4, 0.00000
1332, 734.6, 450.9, 0.00000
1333, 428.3, 331.9, 0.00000
1334, 340.8, 481.5, 0.00000
1335, 344.3, 351.5, 0.00000
1336, 319.5, 444.5, 0.00000
1337, 438.8, 360.5, 0.00000
1338, 378.5, 396.6, 0.00000
1339, 413.6, 434.0, 0.00000
1340, 450.0, 685.7, 0.00000
1341, 944.4, 835.5, 0.00000
1342, 873.2, 717.2, 0.00000
1343, 725.5, 520.1, 0.00000
1344, 678.3, 668.1, 0.00000
1345, 712.0, 673.4, 0.00000
1346, 810.4, 391.1, 0.00000
1347, 344.0, 372.8, 0.00000
1348, 388.3, 388.4, 0.00000
1349, 346.7, 682.1, 0.00000
1350, 754.4, 750.6, 0.00000
1351, 784.2, 714.3, 0.00000
1352, 817.5, 769.3, 0.00000
1353, 814.4, 831.3, 0.00000
1354, 821.9, 834.6, 0.00000
1355, 820.6, 804.7, 0.00000
1356, 807.5, 796.5, 0.00000
1357, 765.9, 731.4, 0.00000
1358, 755.2, 622.9, 0.00000
1359, 515.6, 559.6, 0.00000
1360, 530.7, 496.0, 0.00000
1361, 451.7, 477.2, 0.00000
1362, 386.5, 724.6, 0.00000
1363, 676.4, 514.0, 0.00000
1364, 658.4, 705.9, 0.00000
1365, 691.8, 794.9, 0.00000
1366, 507.5, 949.3, 0.00000
1367, 941.5, 890.6, 0.00000
1368, 951.5, 782.6, 0.00000
1369, 610.4, 495.9, 0.00000
1370, 843.0, 590.9, 0.00000
1371, 540.6, 447.4, 0.00000
1372, 350.6, 570.0, 0.00000
1373, 883.5, 907.8, 0.00000
1374, 895.7, 514.0, 0.00000
1375, 491.4, 487.1, 0.00000
1376, 536.8, 512.4, 0.00000
1377, 547.3, 408.6, 0.00000
1378, 338.1, 554.6, 0.00000
1379, 969.8, 869.4, 0.00000
1380, 971.7, 824.4, 0.00000
1381, 907.9, 893.1, 0.00000
1382, 920.8, 800.7, 0.00000
1383, 831.2, 824.5, 0.00000
1384, 812.3, 663.6, 0.00000
1385, 372.3, 443.3, 0.00000
1386, 417.2, 772.2, 0.00000
1387, 771.0, 765.9, 0.00000
1388, 604.0, 351.9, 0.00000
1389, 315.7, 797.9, 0.00000
1390, 792.9, 604.4, 0.00000
1391, 595.7, 803.0, 0.00000
1392, 802.5, 450.2, 0.00000
1393, 450.3, 830.7, 0.00000
1394, 833.6, 633.4, 0.00000
1395, 612.0, 832.1, 0.00000
1396, 830.1, 435.2, 0.00000
1397, 443.3, 703.9, 0.00000
1398, 700.4, 655.0, 0.00000
