# of episode, training score, validation score, sigma
1, 470.4, 216.5, 0.19990
2, 169.1, 146.2, 0.19980
3, 155.5, 180.8, 0.19970
4, 186.0, 209.8, 0.19960
5, 183.6, 147.3, 0.19950
6, 186.2, 146.3, 0.19940
7, 165.8, 221.0, 0.19930
8, 195.2, 209.0, 0.19920
9, 238.6, 179.9, 0.19910
10, 159.8, 200.2, 0.19900
11, 221.1, 207.3, 0.19890
12, 231.9, 235.6, 0.19880
13, 250.3, 217.5, 0.19870
14, 204.1, 211.4, 0.19860
15, 203.0, 229.5, 0.19850
16, 250.8, 230.2, 0.19840
17, 216.1, 250.8, 0.19830
18, 179.6, 230.5, 0.19820
19, 227.4, 240.2, 0.19810
20, 192.1, 300.9, 0.19800
21, 302.0, 293.3, 0.19790
22, 233.3, 291.4, 0.19780
23, 272.5, 263.2, 0.19770
24, 259.1, 257.7, 0.19760
25, 233.7, 278.1, 0.19750
26, 269.9, 270.4, 0.19740
27, 253.8, 272.7, 0.19730
28, 289.6, 288.2, 0.19720
29, 186.9, 282.7, 0.19710
30, 267.5, 261.8, 0.19700
31, 311.1, 284.6, 0.19690
32, 265.3, 261.4, 0.19680
33, 243.2, 278.9, 0.19670
34, 225.7, 270.5, 0.19660
35, 271.4, 268.6, 0.19650
36, 276.1, 262.8, 0.19640
37, 232.1, 255.1, 0.19630
38, 294.8, 275.9, 0.19620
39, 256.6, 267.0, 0.19610
40, 316.7, 280.8, 0.19600
41, 238.7, 291.0, 0.19590
42, 281.4, 306.4, 0.19580
43, 296.2, 297.3, 0.19570
44, 294.8, 311.3, 0.19560
45, 341.9, 276.0, 0.19550
46, 326.3, 320.7, 0.19540
47, 345.1, 321.3, 0.19530
48, 338.8, 296.2, 0.19520
49, 340.1, 306.6, 0.19510
50, 310.3, 310.4, 0.19500
51, 266.5, 293.4, 0.19490
52, 279.8, 296.9, 0.19480
53, 300.2, 314.5, 0.19470
54, 289.4, 319.0, 0.19460
55, 306.8, 295.3, 0.19450
56, 308.9, 305.3, 0.19440
57, 281.7, 338.7, 0.19430
58, 344.6, 326.5, 0.19420
59, 296.8, 322.6, 0.19410
60, 307.8, 322.2, 0.19400
61, 381.9, 321.0, 0.19390
62, 311.7, 293.3, 0.19380
63, 307.6, 308.4, 0.19370
64, 376.0, 341.6, 0.19360
65, 277.2, 298.3, 0.19350
66, 317.1, 297.2, 0.19340
67, 428.4, 326.9, 0.19330
68, 351.8, 299.2, 0.19320
69, 342.2, 306.0, 0.19310
70, 281.5, 324.4, 0.19300
71, 299.0, 340.5, 0.19290
72, 334.7, 371.2, 0.19280
73, 310.6, 313.5, 0.19270
74, 268.9, 341.4, 0.19260
75, 283.2, 346.9, 0.19250
76, 336.2, 416.5, 0.19240
77, 578.5, 443.7, 0.19230
78, 382.3, 388.2, 0.19220
79, 287.1, 381.8, 0.19210
80, 327.4, 318.4, 0.19200
81, 394.6, 438.0, 0.19190
82, 318.9, 387.8, 0.19180
83, 439.8, 374.1, 0.19170
84, 417.9, 432.1, 0.19160
85, 514.9, 397.8, 0.19150
86, 413.7, 397.0, 0.19140
87, 424.5, 376.6, 0.19130
88, 334.2, 446.7, 0.19120
89, 563.3, 371.6, 0.19110
90, 457.7, 418.1, 0.19100
91, 318.5, 374.9, 0.19090
92, 431.5, 364.8, 0.19080
93, 340.9, 348.9, 0.19070
94, 357.8, 331.8, 0.19060
95, 413.0, 414.3, 0.19050
96, 321.4, 372.7, 0.19040
97, 218.2, 361.7, 0.19030
98, 378.7, 342.2, 0.19020
99, 442.5, 412.9, 0.19010
100, 323.5, 302.4, 0.19000
101, 438.5, 365.3, 0.18990
102, 399.8, 334.0, 0.18980
103, 349.7, 266.8, 0.18970
104, 286.3, 355.1, 0.18960
105, 297.1, 348.9, 0.18950
106, 377.8, 355.4, 0.18940
107, 339.2, 314.1, 0.18930
108, 397.3, 369.6, 0.18920
109, 239.3, 387.8, 0.18910
110, 439.7, 380.6, 0.18900
111, 407.9, 374.4, 0.18890
112, 348.6, 378.5, 0.18880
113, 348.4, 360.2, 0.18870
114, 528.5, 326.2, 0.18860
115, 305.9, 335.1, 0.18850
116, 452.0, 334.6, 0.18840
117, 350.0, 372.9, 0.18830
118, 365.6, 326.4, 0.18820
119, 244.0, 332.8, 0.18810
120, 354.9, 379.2, 0.18800
121, 393.8, 343.0, 0.18790
122, 366.3, 347.3, 0.18780
123, 382.0, 378.8, 0.18770
124, 342.5, 347.5, 0.18760
125, 388.9, 392.6, 0.18750
126, 382.4, 336.4, 0.18740
127, 269.4, 344.1, 0.18730
128, 341.5, 331.8, 0.18720
129, 313.9, 325.0, 0.18710
130, 294.4, 340.0, 0.18700
131, 318.6, 314.2, 0.18690
132, 334.6, 319.5, 0.18680
133, 340.6, 337.2, 0.18670
134, 326.0, 374.5, 0.18660
135, 256.7, 357.5, 0.18650
136, 299.3, 367.0, 0.18640
137, 317.6, 312.2, 0.18630
138, 361.5, 297.2, 0.18620
139, 352.9, 343.9, 0.18610
140, 369.6, 365.8, 0.18600
141, 373.9, 334.3, 0.18590
142, 278.2, 409.7, 0.18580
143, 349.9, 354.6, 0.18570
144, 352.8, 351.9, 0.18560
145, 372.8, 391.9, 0.18550
146, 304.9, 331.6, 0.18540
147, 397.1, 310.7, 0.18530
148, 387.7, 426.9, 0.18520
149, 283.0, 401.0, 0.18510
150, 378.7, 335.3, 0.18500
151, 347.9, 457.9, 0.18490
152, 237.5, 375.4, 0.18480
153, 349.8, 377.2, 0.18470
154, 259.2, 287.0, 0.18460
155, 321.2, 295.1, 0.18450
156, 296.0, 351.6, 0.18440
157, 417.8, 332.2, 0.18430
158, 477.5, 468.1, 0.18420
159, 489.0, 439.2, 0.18410
160, 407.2, 418.7, 0.18400
161, 521.4, 363.7, 0.18390
162, 440.7, 461.4, 0.18380
163, 452.9, 587.8, 0.18370
164, 312.4, 448.9, 0.18360
165, 448.8, 406.4, 0.18350
166, 449.0, 389.6, 0.18340
167, 352.3, 404.7, 0.18330
168, 315.3, 424.8, 0.18320
169, 356.8, 318.5, 0.18310
170, 320.5, 421.6, 0.18300
171, 447.9, 320.6, 0.18290
172, 298.1, 355.3, 0.18280
173, 378.0, 414.9, 0.18270
174, 396.7, 466.8, 0.18260
175, 432.1, 413.4, 0.18250
176, 317.7, 559.5, 0.18240
177, 683.0, 479.0, 0.18230
178, 575.8, 479.8, 0.18220
179, 406.5, 358.6, 0.18210
180, 301.7, 330.6, 0.18200
181, 292.4, 481.8, 0.18190
182, 549.1, 360.7, 0.18180
183, 378.3, 378.3, 0.18170
184, 357.8, 376.3, 0.18160
185, 539.6, 363.3, 0.18150
186, 416.8, 368.2, 0.18140
187, 453.7, 456.4, 0.18130
188, 466.9, 468.3, 0.18120
189, 428.9, 356.3, 0.18110
190, 489.6, 413.0, 0.18100
191, 366.8, 433.0, 0.18090
192, 337.6, 423.7, 0.18080
193, 430.6, 474.9, 0.18070
194, 464.6, 425.1, 0.18060
195, 456.7, 392.3, 0.18050
196, 382.6, 514.3, 0.18040
197, 459.3, 403.4, 0.18030
198, 399.5, 449.5, 0.18020
199, 384.8, 446.9, 0.18010
200, 438.3, 430.1, 0.18000
201, 273.7, 428.0, 0.17990
202, 293.1, 410.7, 0.17980
203, 382.9, 358.9, 0.17970
204, 568.8, 401.5, 0.17960
205, 325.1, 443.1, 0.17950
206, 427.7, 379.8, 0.17940
207, 405.0, 397.1, 0.17930
208, 416.0, 424.2, 0.17920
209, 383.9, 394.3, 0.17910
210, 459.5, 365.6, 0.17900
211, 395.6, 315.7, 0.17890
212, 337.3, 351.4, 0.17880
213, 377.7, 337.8, 0.17870
214, 218.8, 320.3, 0.17860
215, 325.2, 310.8, 0.17850
216, 312.4, 314.0, 0.17840
217, 309.3, 303.1, 0.17830
218, 323.2, 346.2, 0.17820
219, 404.1, 335.0, 0.17810
220, 296.2, 344.9, 0.17800
221, 557.2, 349.8, 0.17790
222, 333.9, 411.5, 0.17780
223, 570.2, 385.0, 0.17770
224, 395.2, 390.1, 0.17760
225, 342.1, 388.4, 0.17750
226, 432.4, 389.9, 0.17740
227, 430.0, 404.3, 0.17730
228, 388.7, 378.4, 0.17720
229, 269.9, 359.8, 0.17710
230, 290.1, 493.4, 0.17700
231, 405.9, 360.1, 0.17690
232, 361.1, 477.3, 0.17680
233, 408.9, 441.2, 0.17670
234, 387.2, 405.7, 0.17660
235, 327.8, 439.2, 0.17650
236, 459.1, 391.4, 0.17640
237, 368.4, 399.5, 0.17630
238, 403.5, 458.5, 0.17620
239, 593.0, 450.1, 0.17610
240, 458.4, 406.5, 0.17600
241, 524.9, 452.2, 0.17590
242, 544.9, 390.6, 0.17580
243, 545.0, 453.6, 0.17570
244, 494.4, 479.3, 0.17560
245, 424.6, 471.4, 0.17550
246, 693.1, 471.2, 0.17540
247, 821.0, 515.6, 0.17530
248, 516.3, 419.3, 0.17520
249, 585.5, 462.1, 0.17510
250, 604.4, 481.1, 0.17500
251, 371.1, 440.1, 0.17490
252, 779.7, 524.3, 0.17480
253, 539.4, 488.5, 0.17470
254, 452.6, 472.7, 0.17460
255, 860.2, 537.3, 0.17450
256, 567.4, 483.9, 0.17440
257, 325.4, 334.8, 0.17430
258, 342.4, 352.6, 0.17420
259, 364.1, 407.1, 0.17410
260, 442.2, 395.1, 0.17400
261, 405.7, 386.1, 0.17390
262, 727.8, 495.6, 0.17380
263, 606.6, 487.2, 0.17370
264, 717.5, 413.4, 0.17360
265, 431.3, 636.4, 0.17350
266, 699.7, 395.9, 0.17340
267, 346.0, 575.2, 0.17330
268, 607.6, 488.9, 0.17320
269, 623.5, 604.3, 0.17310
270, 661.1, 610.4, 0.17300
271, 792.6, 630.1, 0.17290
272, 569.2, 653.8, 0.17280
273, 499.6, 560.3, 0.17270
274, 737.4, 673.7, 0.17260
275, 324.1, 479.5, 0.17250
276, 496.7, 444.6, 0.17240
277, 570.4, 482.7, 0.17230
278, 491.5, 460.2, 0.17220
279, 401.5, 401.5, 0.17210
280, 617.2, 463.2, 0.17200
281, 470.2, 460.7, 0.17190
282, 398.7, 564.9, 0.17180
283, 393.1, 522.0, 0.17170
284, 457.6, 453.1, 0.17160
285, 426.3, 412.5, 0.17150
286, 404.7, 431.5, 0.17140
287, 404.9, 395.8, 0.17130
288, 365.4, 432.1, 0.17120
289, 627.0, 378.6, 0.17110
290, 394.5, 429.5, 0.17100
291, 321.6, 436.3, 0.17090
292, 520.3, 360.1, 0.17080
293, 602.0, 440.9, 0.17070
294, 505.3, 403.0, 0.17060
295, 365.2, 381.9, 0.17050
296, 483.3, 399.7, 0.17040
297, 308.9, 359.2, 0.17030
298, 334.9, 426.0, 0.17020
299, 403.1, 358.6, 0.17010
300, 466.8, 524.1, 0.17000
301, 763.7, 557.5, 0.16990
302, 532.3, 732.9, 0.16980
303, 893.3, 534.9, 0.16970
304, 675.8, 553.0, 0.16960
305, 617.1, 623.0, 0.16950
306, 453.8, 418.8, 0.16940
307, 383.0, 430.3, 0.16930
308, 512.1, 461.2, 0.16920
309, 376.0, 449.9, 0.16910
310, 405.4, 414.4, 0.16900
311, 430.8, 414.2, 0.16890
312, 470.9, 384.0, 0.16880
313, 256.6, 376.1, 0.16870
314, 423.3, 362.8, 0.16860
315, 390.0, 390.7, 0.16850
316, 355.4, 368.7, 0.16840
317, 377.9, 332.8, 0.16830
318, 364.7, 328.1, 0.16820
319, 432.2, 338.1, 0.16810
320, 329.3, 348.3, 0.16800
321, 374.8, 323.6, 0.16790
322, 339.8, 332.4, 0.16780
323, 356.6, 337.6, 0.16770
324, 349.5, 337.1, 0.16760
325, 345.8, 391.7, 0.16750
326, 315.3, 351.1, 0.16740
327, 362.7, 366.1, 0.16730
328, 328.0, 379.6, 0.16720
329, 356.3, 475.3, 0.16710
330, 408.0, 498.8, 0.16700
331, 542.6, 463.6, 0.16690
332, 524.7, 498.3, 0.16680
333, 587.8, 559.7, 0.16670
334, 580.9, 568.2, 0.16660
335, 457.1, 441.7, 0.16650
336, 424.5, 528.6, 0.16640
337, 848.7, 496.2, 0.16630
338, 425.2, 548.2, 0.16620
339, 394.4, 631.8, 0.16610
340, 495.1, 405.8, 0.16600
341, 424.2, 407.4, 0.16590
342, 476.0, 462.8, 0.16580
343, 395.1, 717.3, 0.16570
344, 948.7, 865.1, 0.16560
345, 929.1, 977.6, 0.16550
346, 955.9, 879.8, 0.16540
347, 971.4, 592.4, 0.16530
348, 975.9, 611.4, 0.16520
349, 519.9, 426.8, 0.16510
350, 528.5, 877.5, 0.16500
351, 922.5, 358.0, 0.16490
352, 368.8, 434.2, 0.16480
353, 615.3, 511.7, 0.16470
354, 577.1, 450.5, 0.16460
355, 539.1, 555.6, 0.16450
356, 679.8, 619.5, 0.16440
357, 466.1, 624.5, 0.16430
358, 697.8, 564.9, 0.16420
359, 438.3, 499.6, 0.16410
360, 536.3, 501.7, 0.16400
361, 456.8, 421.7, 0.16390
362, 459.5, 400.9, 0.16380
363, 434.8, 374.7, 0.16370
364, 397.3, 394.5, 0.16360
365, 367.7, 367.3, 0.16350
366, 387.4, 405.5, 0.16340
367, 424.3, 353.0, 0.16330
368, 341.5, 367.2, 0.16320
369, 328.9, 364.5, 0.16310
370, 375.2, 410.1, 0.16300
371, 598.1, 422.6, 0.16290
372, 348.3, 399.1, 0.16280
373, 375.9, 404.8, 0.16270
374, 373.5, 350.6, 0.16260
375, 369.9, 421.2, 0.16250
376, 365.6, 343.8, 0.16240
377, 401.6, 407.1, 0.16230
378, 472.3, 376.5, 0.16220
379, 429.0, 372.2, 0.16210
380, 394.4, 368.7, 0.16200
381, 345.0, 317.3, 0.16190
382, 334.7, 307.0, 0.16180
383, 306.4, 295.3, 0.16170
384, 318.0, 323.7, 0.16160
385, 315.8, 363.0, 0.16150
386, 386.3, 355.3, 0.16140
387, 330.6, 381.3, 0.16130
388, 357.7, 423.7, 0.16120
389, 341.6, 366.9, 0.16110
390, 361.8, 417.0, 0.16100
391, 419.4, 433.9, 0.16090
392, 445.1, 393.0, 0.16080
393, 331.5, 377.0, 0.16070
394, 416.3, 717.3, 0.16060
395, 576.6, 440.0, 0.16050
396, 726.8, 627.9, 0.16040
397, 746.7, 765.2, 0.16030
398, 822.2, 511.3, 0.16020
399, 499.2, 413.5, 0.16010
400, 293.0, 296.3, 0.16000
401, 277.4, 279.6, 0.15990
402, 270.9, 272.6, 0.15980
403, 303.3, 275.4, 0.15970
404, 268.1, 286.4, 0.15960
405, 242.2, 314.6, 0.15950
406, 283.4, 386.6, 0.15940
407, 523.7, 377.7, 0.15930
408, 461.8, 905.8, 0.15920
409, 974.7, 989.3, 0.15910
410, 867.7, 803.5, 0.15900
411, 972.0, 776.7, 0.15890
412, 738.5, 525.8, 0.15880
413, 958.2, 959.8, 0.15870
414, 701.3, 491.2, 0.15860
415, 312.4, 386.2, 0.15850
416, 436.5, 471.3, 0.15840
417, 479.7, 322.0, 0.15830
418, 335.3, 375.8, 0.15820
419, 297.0, 301.9, 0.15810
420, 308.6, 283.6, 0.15800
421, 277.6, 270.5, 0.15790
422, 307.4, 319.6, 0.15780
423, 329.5, 334.0, 0.15770
424, 336.8, 330.3, 0.15760
425, 289.7, 356.6, 0.15750
426, 380.3, 340.1, 0.15740
427, 329.4, 349.9, 0.15730
428, 362.6, 340.6, 0.15720
429, 379.7, 334.6, 0.15710
430, 344.3, 341.5, 0.15700
431, 299.8, 343.0, 0.15690
432, 383.7, 342.8, 0.15680
433, 311.8, 363.7, 0.15670
434, 359.8, 373.1, 0.15660
435, 400.5, 374.8, 0.15650
436, 380.4, 350.1, 0.15640
437, 359.1, 401.9, 0.15630
438, 360.4, 314.6, 0.15620
439, 315.8, 398.2, 0.15610
440, 317.1, 357.3, 0.15600
441, 349.1, 355.2, 0.15590
442, 342.2, 384.9, 0.15580
443, 405.9, 392.5, 0.15570
444, 492.0, 398.4, 0.15560
445, 496.6, 414.0, 0.15550
446, 501.2, 432.2, 0.15540
447, 537.8, 393.0, 0.15530
448, 341.9, 439.7, 0.15520
449, 440.6, 383.2, 0.15510
450, 576.8, 329.3, 0.15500
451, 543.2, 374.0, 0.15490
452, 253.2, 382.7, 0.15480
453, 321.1, 317.9, 0.15470
454, 294.9, 244.5, 0.15460
455, 249.1, 264.6, 0.15450
456, 267.9, 290.7, 0.15440
457, 314.0, 305.9, 0.15430
458, 279.2, 292.1, 0.15420
459, 246.2, 306.6, 0.15410
460, 265.6, 369.1, 0.15400
461, 387.0, 442.0, 0.15390
462, 471.1, 422.2, 0.15380
463, 629.1, 501.2, 0.15370
464, 524.6, 474.6, 0.15360
465, 333.6, 282.0, 0.15350
466, 399.9, 459.9, 0.15340
467, 544.7, 309.3, 0.15330
468, 281.3, 367.8, 0.15320
469, 501.0, 305.3, 0.15310
470, 313.7, 302.7, 0.15300
471, 324.4, 367.7, 0.15290
472, 324.7, 563.5, 0.15280
473, 247.0, 480.7, 0.15270
474, 518.5, 678.0, 0.15260
475, 641.3, 584.9, 0.15250
476, 876.9, 607.8, 0.15240
477, 407.8, 478.7, 0.15230
478, 638.8, 400.3, 0.15220
479, 336.2, 390.0, 0.15210
480, 404.4, 347.2, 0.15200
481, 320.5, 361.5, 0.15190
482, 427.0, 389.9, 0.15180
483, 369.6, 464.7, 0.15170
484, 515.1, 742.2, 0.15160
485, 951.4, 940.1, 0.15150
486, 891.1, 732.3, 0.15140
487, 894.5, 503.0, 0.15130
488, 478.9, 422.1, 0.15120
489, 471.8, 461.7, 0.15110
490, 418.3, 365.6, 0.15100
491, 328.8, 432.7, 0.15090
492, 407.8, 441.8, 0.15080
493, 398.0, 486.7, 0.15070
494, 361.3, 429.6, 0.15060
495, 352.3, 377.5, 0.15050
496, 333.2, 334.0, 0.15040
497, 313.0, 331.6, 0.15030
498, 436.9, 373.1, 0.15020
499, 423.7, 343.0, 0.15010
500, 393.0, 390.0, 0.15000
501, 421.1, 508.0, 0.14990
502, 506.8, 658.6, 0.14980
503, 482.7, 693.5, 0.14970
504, 812.2, 411.5, 0.14960
505, 379.9, 580.1, 0.14950
506, 885.3, 498.6, 0.14940
507, 510.1, 558.5, 0.14930
508, 418.7, 359.6, 0.14920
509, 378.4, 381.0, 0.14910
510, 346.8, 347.0, 0.14900
511, 360.2, 371.9, 0.14890
512, 410.1, 372.9, 0.14880
513, 295.1, 418.1, 0.14870
514, 410.9, 347.0, 0.14860
515, 385.5, 412.8, 0.14850
516, 371.6, 408.7, 0.14840
517, 456.0, 372.3, 0.14830
518, 425.4, 341.0, 0.14820
519, 307.2, 358.6, 0.14810
520, 377.2, 310.7, 0.14800
521, 364.4, 355.1, 0.14790
522, 367.9, 338.3, 0.14780
523, 392.2, 291.9, 0.14770
524, 282.7, 300.8, 0.14760
525, 348.7, 395.1, 0.14750
526, 358.4, 451.0, 0.14740
527, 503.5, 738.6, 0.14730
528, 959.3, 971.2, 0.14720
529, 949.0, 960.9, 0.14710
530, 933.9, 969.6, 0.14700
531, 910.1, 889.2, 0.14690
532, 873.5, 877.7, 0.14680
533, 875.1, 798.0, 0.14670
534, 901.4, 815.0, 0.14660
535, 885.8, 730.1, 0.14650
536, 850.3, 813.4, 0.14640
537, 837.6, 815.6, 0.14630
538, 843.6, 843.7, 0.14620
539, 832.3, 812.7, 0.14610
540, 839.6, 804.1, 0.14600
541, 831.1, 751.8, 0.14590
542, 846.6, 770.5, 0.14580
543, 863.9, 833.2, 0.14570
544, 892.1, 838.4, 0.14560
545, 943.8, 987.3, 0.14550
546, 973.6, 974.3, 0.14540
547, 834.2, 576.5, 0.14530
548, 389.3, 862.0, 0.14520
549, 793.8, 870.0, 0.14510
550, 872.4, 933.8, 0.14500
551, 971.6, 969.3, 0.14490
552, 962.8, 903.5, 0.14480
553, 870.6, 973.0, 0.14470
554, 932.2, 931.6, 0.14460
555, 909.6, 914.6, 0.14450
556, 927.6, 805.6, 0.14440
557, 865.5, 766.1, 0.14430
558, 789.7, 469.7, 0.14420
559, 341.4, 325.6, 0.14410
560, 308.5, 421.1, 0.14400
561, 344.5, 322.4, 0.14390
562, 334.2, 443.4, 0.14380
563, 862.5, 864.8, 0.14370
564, 918.7, 904.8, 0.14360
565, 934.3, 957.6, 0.14350
566, 947.4, 953.6, 0.14340
567, 948.4, 943.9, 0.14330
568, 953.0, 963.9, 0.14320
569, 959.4, 983.0, 0.14310
570, 975.2, 967.5, 0.14300
571, 962.8, 961.2, 0.14290
572, 938.7, 933.0, 0.14280
573, 916.8, 919.2, 0.14270
574, 879.1, 854.6, 0.14260
575, 841.2, 803.4, 0.14250
576, 826.5, 799.7, 0.14240
577, 820.2, 801.3, 0.14230
578, 850.3, 909.7, 0.14220
579, 898.8, 918.5, 0.14210
580, 896.3, 847.8, 0.14200
581, 481.1, 349.2, 0.14190
582, 333.9, 331.7, 0.14180
583, 314.7, 304.6, 0.14170
584, 328.9, 284.2, 0.14160
585, 275.0, 312.9, 0.14150
586, 263.3, 293.9, 0.14140
587, 291.3, 295.2, 0.14130
588, 265.6, 287.9, 0.14120
589, 260.3, 292.5, 0.14110
590, 278.9, 351.2, 0.14100
591, 265.0, 353.0, 0.14090
592, 407.0, 399.3, 0.14080
593, 329.9, 399.9, 0.14070
594, 442.0, 795.0, 0.14060
595, 425.3, 835.7, 0.14050
596, 467.4, 855.7, 0.14040
597, 838.3, 775.8, 0.14030
598, 794.7, 823.2, 0.14020
599, 511.9, 830.3, 0.14010
600, 868.5, 885.8, 0.14000
601, 887.2, 823.9, 0.13990
602, 839.8, 812.0, 0.13980
603, 822.8, 799.0, 0.13970
604, 826.8, 816.2, 0.13960
605, 822.5, 837.7, 0.13950
606, 866.1, 820.0, 0.13940
607, 864.4, 912.8, 0.13930
608, 884.2, 910.9, 0.13920
609, 882.3, 762.3, 0.13910
610, 849.6, 875.2, 0.13900
611, 796.0, 623.4, 0.13890
612, 553.2, 546.7, 0.13880
613, 598.6, 458.9, 0.13870
614, 624.1, 649.2, 0.13860
615, 905.4, 542.7, 0.13850
616, 431.1, 776.4, 0.13840
617, 912.4, 585.2, 0.13830
618, 850.5, 727.3, 0.13820
619, 936.9, 839.7, 0.13810
620, 944.2, 960.9, 0.13800
621, 908.3, 721.8, 0.13790
622, 693.6, 463.5, 0.13780
623, 474.1, 539.3, 0.13770
624, 423.3, 553.9, 0.13760
625, 646.1, 895.5, 0.13750
626, 898.1, 892.4, 0.13740
627, 912.7, 919.1, 0.13730
628, 913.7, 920.6, 0.13720
629, 919.1, 934.4, 0.13710
630, 940.3, 963.1, 0.13700
631, 925.7, 635.3, 0.13690
632, 896.8, 918.0, 0.13680
633, 893.6, 952.4, 0.13670
634, 746.6, 370.6, 0.13660
635, 401.9, 426.1, 0.13650
636, 388.3, 470.0, 0.13640
637, 414.8, 382.0, 0.13630
638, 623.4, 437.7, 0.13620
639, 508.4, 895.2, 0.13610
640, 890.4, 762.3, 0.13600
641, 817.2, 739.1, 0.13590
642, 485.3, 840.5, 0.13580
643, 852.4, 850.7, 0.13570
644, 642.5, 916.1, 0.13560
645, 931.2, 954.4, 0.13550
646, 958.0, 946.5, 0.13540
647, 886.9, 911.9, 0.13530
648, 950.1, 824.7, 0.13520
649, 853.6, 689.2, 0.13510
650, 446.8, 411.5, 0.13500
651, 357.7, 896.8, 0.13490
652, 822.9, 871.0, 0.13480
653, 857.8, 879.9, 0.13470
654, 822.1, 946.3, 0.13460
655, 914.7, 943.2, 0.13450
656, 887.4, 865.0, 0.13440
657, 939.9, 975.5, 0.13430
658, 961.9, 981.5, 0.13420
659, 968.7, 980.2, 0.13410
660, 964.5, 949.7, 0.13400
661, 963.9, 969.1, 0.13390
662, 936.4, 957.1, 0.13380
663, 894.5, 457.4, 0.13370
664, 691.0, 639.0, 0.13360
665, 695.9, 561.5, 0.13350
666, 505.8, 511.7, 0.13340
667, 313.0, 757.8, 0.13330
668, 830.0, 846.5, 0.13320
669, 846.8, 771.5, 0.13310
670, 785.3, 729.5, 0.13300
671, 852.1, 796.3, 0.13290
672, 847.8, 898.5, 0.13280
673, 868.7, 861.2, 0.13270
674, 770.1, 689.3, 0.13260
675, 643.3, 552.0, 0.13250
676, 730.8, 819.6, 0.13240
677, 665.1, 793.3, 0.13230
678, 375.2, 707.1, 0.13220
679, 943.6, 956.8, 0.13210
680, 949.0, 919.0, 0.13200
681, 957.4, 659.7, 0.13190
682, 396.4, 391.4, 0.13180
683, 456.5, 502.7, 0.13170
684, 456.9, 601.9, 0.13160
685, 882.3, 841.1, 0.13150
686, 826.2, 847.0, 0.13140
687, 914.9, 403.7, 0.13130
688, 363.3, 384.5, 0.13120
689, 374.0, 867.5, 0.13110
690, 873.1, 504.1, 0.13100
691, 439.2, 325.3, 0.13090
692, 324.8, 381.6, 0.13080
693, 402.2, 297.7, 0.13070
694, 383.5, 727.6, 0.13060
695, 459.1, 957.3, 0.13050
696, 448.8, 420.0, 0.13040
697, 765.2, 960.2, 0.13030
698, 956.6, 955.4, 0.13020
699, 540.8, 597.8, 0.13010
700, 942.2, 803.7, 0.13000
701, 350.5, 710.2, 0.12990
702, 922.3, 708.5, 0.12980
703, 778.1, 734.5, 0.12970
704, 884.5, 932.4, 0.12960
705, 939.4, 959.9, 0.12950
706, 935.4, 949.0, 0.12940
707, 944.8, 934.0, 0.12930
708, 954.1, 964.9, 0.12920
709, 951.9, 966.2, 0.12910
710, 971.6, 979.3, 0.12900
711, 967.1, 971.1, 0.12890
712, 970.2, 928.4, 0.12880
713, 943.8, 929.6, 0.12870
714, 923.3, 857.7, 0.12860
715, 948.6, 820.4, 0.12850
716, 886.6, 584.2, 0.12840
717, 505.1, 852.6, 0.12830
718, 890.5, 757.5, 0.12820
719, 814.7, 718.2, 0.12810
720, 735.3, 926.5, 0.12800
721, 964.9, 761.9, 0.12790
722, 621.5, 502.7, 0.12780
723, 409.9, 443.1, 0.12770
724, 444.0, 493.0, 0.12760
725, 581.0, 612.4, 0.12750
726, 902.2, 915.9, 0.12740
727, 911.4, 868.2, 0.12730
728, 907.6, 923.5, 0.12720
729, 909.5, 934.6, 0.12710
730, 952.6, 949.1, 0.12700
731, 936.2, 961.9, 0.12690
732, 957.3, 930.8, 0.12680
733, 890.7, 914.8, 0.12670
734, 838.0, 854.4, 0.12660
735, 478.8, 911.3, 0.12650
736, 699.9, 425.8, 0.12640
737, 473.5, 420.3, 0.12630
738, 534.0, 539.0, 0.12620
739, 463.4, 543.8, 0.12610
740, 593.8, 625.6, 0.12600
741, 771.9, 855.7, 0.12590
742, 851.1, 844.2, 0.12580
743, 819.5, 826.4, 0.12570
744, 854.6, 782.9, 0.12560
745, 373.7, 450.9, 0.12550
746, 707.3, 434.1, 0.12540
747, 823.2, 598.2, 0.12530
748, 904.4, 607.6, 0.12520
749, 889.7, 926.5, 0.12510
750, 931.0, 713.8, 0.12500
751, 863.9, 734.3, 0.12490
752, 843.4, 727.8, 0.12480
753, 375.1, 852.6, 0.12470
754, 893.7, 923.8, 0.12460
755, 886.2, 845.8, 0.12450
756, 800.0, 841.8, 0.12440
757, 701.5, 493.1, 0.12430
758, 820.2, 480.3, 0.12420
759, 496.2, 453.2, 0.12410
760, 655.2, 503.0, 0.12400
761, 847.9, 872.1, 0.12390
762, 834.7, 730.2, 0.12380
763, 818.2, 796.0, 0.12370
764, 432.6, 874.4, 0.12360
765, 701.6, 891.1, 0.12350
766, 772.8, 837.2, 0.12340
767, 792.2, 928.7, 0.12330
768, 897.0, 871.3, 0.12320
769, 928.5, 908.4, 0.12310
770, 949.6, 934.2, 0.12300
771, 949.9, 942.4, 0.12290
772, 952.0, 610.3, 0.12280
773, 438.6, 365.6, 0.12270
774, 440.7, 729.0, 0.12260
775, 884.6, 859.5, 0.12250
776, 944.7, 780.8, 0.12240
777, 960.4, 921.8, 0.12230
778, 936.5, 959.2, 0.12220
779, 919.3, 937.9, 0.12210
780, 930.3, 933.4, 0.12200
781, 922.4, 922.0, 0.12190
782, 917.1, 943.4, 0.12180
783, 954.7, 961.7, 0.12170
784, 950.6, 959.4, 0.12160
785, 945.6, 930.9, 0.12150
786, 949.2, 940.0, 0.12140
787, 958.7, 979.0, 0.12130
788, 963.3, 964.1, 0.12120
789, 967.1, 971.8, 0.12110
790, 960.1, 943.0, 0.12100
791, 953.4, 952.1, 0.12090
792, 949.8, 951.1, 0.12080
793, 944.7, 958.9, 0.12070
794, 942.9, 938.9, 0.12060
795, 943.3, 938.1, 0.12050
796, 930.3, 932.1, 0.12040
797, 942.3, 916.1, 0.12030
798, 944.8, 924.6, 0.12020
799, 929.3, 901.0, 0.12010
800, 880.9, 895.9, 0.12000
801, 837.5, 850.5, 0.11990
802, 844.1, 873.9, 0.11980
803, 863.0, 842.5, 0.11970
804, 859.3, 767.5, 0.11960
805, 870.2, 862.5, 0.11950
806, 875.1, 489.2, 0.11940
807, 586.8, 553.7, 0.11930
808, 747.1, 640.0, 0.11920
809, 630.0, 492.3, 0.11910
810, 520.4, 488.7, 0.11900
811, 407.3, 566.6, 0.11890
812, 681.8, 468.3, 0.11880
813, 540.3, 518.9, 0.11870
814, 511.7, 533.4, 0.11860
815, 837.0, 871.8, 0.11850
816, 919.6, 928.4, 0.11840
817, 924.3, 949.1, 0.11830
818, 941.7, 966.5, 0.11820
819, 945.5, 956.4, 0.11810
820, 933.7, 936.1, 0.11800
821, 928.1, 929.5, 0.11790
822, 913.1, 895.4, 0.11780
823, 888.0, 885.5, 0.11770
824, 880.2, 887.0, 0.11760
825, 590.2, 575.4, 0.11750
826, 372.0, 330.3, 0.11740
827, 417.2, 341.3, 0.11730
828, 321.4, 330.4, 0.11720
829, 321.7, 319.6, 0.11710
830, 291.5, 324.8, 0.11700
831, 318.0, 264.5, 0.11690
832, 322.2, 335.6, 0.11680
833, 336.6, 347.5, 0.11670
834, 306.8, 359.3, 0.11660
835, 335.7, 335.4, 0.11650
836, 321.1, 342.3, 0.11640
837, 338.4, 376.2, 0.11630
838, 331.3, 408.0, 0.11620
839, 375.0, 769.7, 0.11610
840, 843.0, 833.0, 0.11600
841, 823.1, 830.6, 0.11590
842, 822.3, 867.5, 0.11580
843, 892.9, 885.5, 0.11570
844, 883.6, 902.1, 0.11560
845, 853.1, 892.6, 0.11550
846, 932.0, 829.0, 0.11540
847, 870.0, 902.7, 0.11530
848, 871.3, 751.5, 0.11520
849, 846.0, 863.7, 0.11510
850, 812.3, 910.5, 0.11500
851, 951.9, 980.3, 0.11490
852, 938.0, 989.3, 0.11480
853, 953.6, 904.4, 0.11470
854, 657.7, 936.6, 0.11460
855, 591.4, 884.7, 0.11450
856, 871.8, 731.3, 0.11440
857, 814.3, 871.6, 0.11430
858, 876.1, 898.4, 0.11420
859, 895.0, 872.9, 0.11410
860, 888.4, 883.1, 0.11400
861, 890.5, 913.2, 0.11390
862, 902.0, 906.1, 0.11380
863, 848.6, 955.3, 0.11370
864, 927.3, 964.5, 0.11360
865, 946.8, 975.7, 0.11350
866, 956.6, 956.0, 0.11340
867, 962.7, 975.2, 0.11330
868, 963.1, 941.7, 0.11320
869, 967.2, 972.5, 0.11310
870, 953.8, 946.6, 0.11300
871, 894.5, 786.7, 0.11290
872, 470.2, 863.2, 0.11280
873, 638.7, 740.2, 0.11270
874, 807.1, 454.3, 0.11260
875, 892.7, 914.7, 0.11250
876, 913.3, 915.1, 0.11240
877, 902.9, 898.6, 0.11230
878, 896.8, 905.2, 0.11220
879, 489.4, 761.8, 0.11210
880, 327.6, 876.8, 0.11200
881, 810.9, 596.3, 0.11190
882, 505.3, 580.2, 0.11180
883, 576.8, 843.5, 0.11170
884, 902.1, 876.2, 0.11160
885, 873.4, 879.8, 0.11150
886, 880.3, 863.1, 0.11140
887, 859.9, 824.6, 0.11130
888, 837.9, 826.8, 0.11120
889, 847.8, 812.2, 0.11110
890, 834.9, 858.0, 0.11100
891, 820.3, 827.3, 0.11090
892, 838.4, 879.7, 0.11080
893, 884.4, 645.2, 0.11070
894, 552.0, 607.5, 0.11060
895, 374.8, 506.6, 0.11050
896, 353.0, 415.1, 0.11040
897, 530.0, 443.0, 0.11030
898, 770.3, 563.0, 0.11020
899, 749.3, 331.3, 0.11010
900, 422.6, 375.3, 0.11000
901, 483.1, 854.2, 0.10990
902, 774.8, 787.4, 0.10980
903, 779.4, 768.8, 0.10970
904, 790.0, 836.3, 0.10960
905, 903.4, 929.7, 0.10950
906, 965.2, 985.2, 0.10940
907, 921.3, 868.4, 0.10930
908, 687.2, 565.2, 0.10920
909, 482.6, 506.3, 0.10910
910, 505.4, 540.0, 0.10900
911, 443.9, 430.5, 0.10890
912, 429.7, 405.6, 0.10880
913, 403.9, 468.6, 0.10870
914, 474.9, 403.9, 0.10860
915, 386.2, 410.4, 0.10850
916, 415.9, 403.6, 0.10840
917, 382.2, 388.4, 0.10830
918, 333.0, 350.2, 0.10820
919, 400.6, 423.7, 0.10810
920, 438.4, 397.1, 0.10800
921, 546.4, 400.0, 0.10790
922, 410.5, 374.5, 0.10780
923, 377.5, 356.6, 0.10770
924, 352.2, 346.2, 0.10760
925, 382.0, 386.6, 0.10750
926, 368.3, 380.0, 0.10740
927, 370.2, 367.1, 0.10730
928, 399.6, 321.6, 0.10720
929, 297.9, 329.6, 0.10710
930, 362.6, 392.6, 0.10700
931, 344.7, 331.6, 0.10690
932, 331.8, 842.2, 0.10680
933, 606.6, 280.3, 0.10670
934, 316.0, 257.9, 0.10660
935, 253.5, 436.5, 0.10650
936, 331.9, 542.1, 0.10640
937, 345.1, 894.8, 0.10630
938, 599.8, 786.8, 0.10620
939, 366.9, 364.6, 0.10610
940, 370.5, 455.4, 0.10600
941, 350.0, 330.6, 0.10590
942, 355.1, 756.3, 0.10580
943, 610.2, 420.2, 0.10570
944, 297.0, 411.5, 0.10560
945, 381.7, 519.3, 0.10550
946, 334.4, 344.1, 0.10540
947, 710.1, 559.5, 0.10530
948, 392.0, 344.3, 0.10520
949, 738.2, 836.7, 0.10510
950, 731.7, 725.0, 0.10500
951, 772.6, 385.2, 0.10490
952, 926.3, 930.4, 0.10480
953, 952.7, 945.0, 0.10470
954, 935.0, 934.9, 0.10460
955, 923.3, 940.5, 0.10450
956, 934.7, 945.4, 0.10440
957, 935.2, 936.2, 0.10430
958, 939.5, 949.7, 0.10420
959, 948.3, 959.1, 0.10410
960, 949.2, 968.4, 0.10400
961, 965.1, 978.8, 0.10390
962, 966.8, 963.3, 0.10380
963, 969.1, 932.1, 0.10370
964, 955.1, 947.8, 0.10360
965, 952.3, 820.5, 0.10350
966, 707.2, 298.3, 0.10340
967, 332.0, 429.8, 0.10330
968, 333.7, 341.7, 0.10320
969, 283.3, 683.3, 0.10310
970, 552.6, 690.8, 0.10300
971, 393.0, 723.3, 0.10290
972, 619.9, 966.8, 0.10280
973, 945.9, 613.2, 0.10270
974, 546.5, 322.2, 0.10260
975, 313.9, 315.8, 0.10250
976, 303.3, 301.1, 0.10240
977, 327.8, 330.2, 0.10230
978, 399.4, 490.4, 0.10220
979, 419.5, 820.8, 0.10210
980, 848.0, 862.0, 0.10200
981, 870.4, 873.2, 0.10190
982, 888.2, 907.8, 0.10180
983, 912.5, 920.5, 0.10170
984, 937.0, 972.4, 0.10160
985, 959.0, 974.8, 0.10150
986, 973.9, 985.7, 0.10140
987, 980.1, 971.1, 0.10130
988, 977.0, 994.6, 0.10120
989, 982.4, 989.4, 0.10110
990, 978.0, 824.7, 0.10100
991, 955.9, 991.4, 0.10090
992, 958.9, 986.2, 0.10080
993, 951.8, 989.3, 0.10070
994, 946.4, 952.0, 0.10060
995, 934.7, 885.8, 0.10050
996, 835.2, 841.8, 0.10040
997, 726.0, 581.5, 0.10030
998, 739.6, 734.6, 0.10020
999, 716.4, 631.5, 0.10010
1000, 697.6, 683.5, 0.10000
1001, 684.1, 706.7, 0.09990
1002, 756.7, 744.3, 0.09980
1003, 772.5, 851.7, 0.09970
1004, 880.4, 900.2, 0.09960
1005, 901.9, 877.8, 0.09950
1006, 875.9, 880.7, 0.09940
1007, 851.8, 877.6, 0.09930
1008, 911.9, 956.2, 0.09920
1009, 939.0, 939.7, 0.09910
1010, 936.2, 986.0, 0.09900
1011, 968.3, 988.7, 0.09890
1012, 968.2, 946.5, 0.09880
1013, 955.2, 956.3, 0.09870
1014, 942.2, 931.2, 0.09860
1015, 805.6, 337.1, 0.09850
1016, 350.1, 349.0, 0.09840
1017, 389.4, 429.2, 0.09830
1018, 368.3, 506.5, 0.09820
1019, 924.9, 963.6, 0.09810
1020, 957.3, 953.1, 0.09800
1021, 970.6, 983.3, 0.09790
1022, 969.4, 982.1, 0.09780
1023, 939.3, 837.6, 0.09770
1024, 943.4, 968.4, 0.09760
1025, 970.9, 962.9, 0.09750
1026, 966.1, 966.9, 0.09740
1027, 944.9, 968.6, 0.09730
1028, 952.7, 946.1, 0.09720
1029, 941.8, 937.8, 0.09710
1030, 937.2, 935.5, 0.09700
1031, 929.9, 915.0, 0.09690
1032, 944.6, 991.3, 0.09680
1033, 973.2, 991.6, 0.09670
1034, 980.0, 982.4, 0.09660
1035, 977.1, 992.7, 0.09650
1036, 979.3, 991.5, 0.09640
1037, 984.6, 992.9, 0.09630
1038, 982.5, 996.3, 0.09620
1039, 975.0, 966.1, 0.09610
1040, 955.3, 920.9, 0.09600
1041, 934.8, 896.9, 0.09590
1042, 949.9, 992.3, 0.09580
1043, 962.9, 995.0, 0.09570
1044, 983.6, 934.2, 0.09560
1045, 923.0, 914.2, 0.09550
1046, 909.5, 901.6, 0.09540
1047, 908.7, 910.4, 0.09530
1048, 911.3, 908.3, 0.09520
1049, 913.8, 914.1, 0.09510
1050, 907.9, 705.6, 0.09500
1051, 437.0, 343.3, 0.09490
1052, 310.8, 376.2, 0.09480
1053, 357.7, 320.7, 0.09470
1054, 369.9, 329.1, 0.09460
1055, 324.8, 329.1, 0.09450
1056, 690.3, 424.2, 0.09440
1057, 419.0, 997.4, 0.09430
1058, 930.8, 985.0, 0.09420
1059, 978.7, 840.4, 0.09410
1060, 916.6, 809.8, 0.09400
1061, 843.7, 808.8, 0.09390
1062, 954.3, 993.4, 0.09380
1063, 973.2, 987.3, 0.09370
1064, 966.3, 998.2, 0.09360
1065, 966.3, 995.0, 0.09350
1066, 982.6, 995.6, 0.09340
1067, 977.2, 978.8, 0.09330
1068, 968.6, 976.5, 0.09320
1069, 954.1, 968.7, 0.09310
1070, 921.4, 596.0, 0.09300
1071, 301.9, 899.5, 0.09290
1072, 902.5, 885.4, 0.09280
1073, 895.9, 898.3, 0.09270
1074, 903.5, 918.7, 0.09260
1075, 932.1, 971.6, 0.09250
1076, 958.5, 827.7, 0.09240
1077, 767.5, 332.5, 0.09230
1078, 330.4, 307.6, 0.09220
1079, 300.3, 274.6, 0.09210
1080, 282.7, 263.2, 0.09200
1081, 272.2, 282.7, 0.09190
1082, 272.9, 317.1, 0.09180
1083, 327.5, 288.5, 0.09170
1084, 704.6, 878.3, 0.09160
1085, 821.1, 340.1, 0.09150
1086, 861.2, 708.8, 0.09140
1087, 781.3, 615.9, 0.09130
1088, 550.0, 747.1, 0.09120
1089, 945.3, 925.8, 0.09110
1090, 914.7, 843.2, 0.09100
1091, 891.5, 821.4, 0.09090
1092, 879.4, 809.5, 0.09080
1093, 869.5, 796.0, 0.09070
1094, 891.3, 899.9, 0.09060
1095, 946.3, 976.9, 0.09050
1096, 844.6, 662.0, 0.09040
1097, 384.3, 260.1, 0.09030
1098, 267.0, 323.3, 0.09020
1099, 306.5, 314.2, 0.09010
1100, 326.1, 356.7, 0.09000
1101, 315.7, 329.1, 0.08990
1102, 377.4, 326.5, 0.08980
1103, 330.7, 526.5, 0.08970
1104, 848.0, 987.7, 0.08960
1105, 984.9, 989.8, 0.08950
1106, 981.2, 966.7, 0.08940
1107, 964.5, 956.5, 0.08930
1108, 933.6, 758.2, 0.08920
1109, 372.1, 881.1, 0.08910
1110, 836.8, 689.0, 0.08900
1111, 794.0, 272.1, 0.08890
1112, 141.5, 228.4, 0.08880
1113, 306.6, 296.4, 0.08870
1114, 182.8, 302.3, 0.08860
1115, 316.4, 164.7, 0.08850
1116, 150.0, 464.8, 0.08840
1117, 181.7, 991.0, 0.08830
1118, 929.6, 313.4, 0.08820
1119, 297.2, 291.8, 0.08810
1120, 378.0, 277.5, 0.08800
1121, 268.0, 314.7, 0.08790
1122, 269.7, 309.8, 0.08780
1123, 321.7, 333.2, 0.08770
1124, 326.6, 327.2, 0.08760
1125, 295.8, 366.9, 0.08750
1126, 792.2, 794.5, 0.08740
1127, 762.5, 469.4, 0.08730
1128, 343.6, 320.6, 0.08720
1129, 309.8, 301.1, 0.08710
1130, 324.0, 327.3, 0.08700
1131, 381.6, 870.1, 0.08690
1132, 941.9, 817.7, 0.08680
1133, 984.2, 988.7, 0.08670
1134, 986.7, 973.1, 0.08660
1135, 948.3, 812.3, 0.08650
1136, 867.5, 966.4, 0.08640
1137, 853.9, 821.4, 0.08630
1138, 889.8, 808.2, 0.08620
1139, 827.8, 808.5, 0.08610
1140, 828.1, 809.5, 0.08600
1141, 827.0, 809.6, 0.08590
1142, 825.1, 816.2, 0.08580
1143, 841.1, 828.0, 0.08570
1144, 888.4, 848.8, 0.08560
1145, 895.2, 812.4, 0.08550
1146, 851.4, 821.0, 0.08540
1147, 886.9, 926.1, 0.08530
1148, 900.4, 818.3, 0.08520
1149, 811.7, 802.2, 0.08510
1150, 807.0, 799.2, 0.08500
1151, 806.4, 797.4, 0.08490
1152, 801.2, 800.8, 0.08480
1153, 802.8, 797.3, 0.08470
1154, 809.8, 799.9, 0.08460
1155, 826.0, 820.4, 0.08450
1156, 925.6, 885.9, 0.08440
1157, 852.8, 807.7, 0.08430
1158, 883.0, 896.7, 0.08420
1159, 891.9, 918.3, 0.08410
1160, 925.6, 942.0, 0.08400
1161, 637.7, 604.2, 0.08390
1162, 298.6, 259.2, 0.08380
1163, 265.1, 250.5, 0.08370
1164, 247.9, 261.0, 0.08360
1165, 295.9, 295.4, 0.08350
1166, 266.6, 305.9, 0.08340
1167, 286.3, 324.9, 0.08330
1168, 306.0, 315.1, 0.08320
1169, 292.9, 326.0, 0.08310
1170, 324.6, 831.2, 0.08300
1171, 848.4, 879.2, 0.08290
1172, 863.9, 881.5, 0.08280
1173, 895.4, 875.3, 0.08270
1174, 919.6, 936.5, 0.08260
1175, 922.6, 935.0, 0.08250
1176, 937.2, 941.4, 0.08240
1177, 922.8, 930.8, 0.08230
1178, 913.6, 898.9, 0.08220
1179, 883.4, 903.0, 0.08210
1180, 868.1, 866.5, 0.08200
1181, 838.4, 806.9, 0.08190
1182, 802.4, 965.8, 0.08180
1183, 936.1, 899.3, 0.08170
1184, 933.9, 890.0, 0.08160
1185, 799.2, 897.2, 0.08150
1186, 948.6, 864.0, 0.08140
1187, 844.1, 849.5, 0.08130
1188, 631.6, 441.1, 0.08120
1189, 365.4, 577.1, 0.08110
1190, 375.0, 408.8, 0.08100
1191, 352.8, 373.7, 0.08090
1192, 348.1, 543.7, 0.08080
1193, 368.8, 354.3, 0.08070
1194, 341.7, 381.5, 0.08060
1195, 438.6, 573.0, 0.08050
1196, 485.1, 354.5, 0.08040
1197, 283.3, 309.3, 0.08030
1198, 361.0, 318.5, 0.08020
1199, 318.7, 384.5, 0.08010
1200, 336.2, 312.0, 0.08000
1201, 325.2, 291.5, 0.07990
1202, 302.8, 414.5, 0.07980
1203, 329.8, 299.3, 0.07970
1204, 337.7, 855.5, 0.07960
1205, 975.8, 997.7, 0.07950
1206, 986.5, 968.0, 0.07940
1207, 912.7, 904.3, 0.07930
1208, 882.5, 935.6, 0.07920
1209, 913.7, 973.7, 0.07910
1210, 917.4, 909.9, 0.07900
1211, 888.0, 919.7, 0.07890
1212, 880.5, 897.8, 0.07880
1213, 907.0, 924.1, 0.07870
1214, 887.3, 932.5, 0.07860
1215, 892.1, 880.5, 0.07850
1216, 888.3, 426.6, 0.07840
1217, 538.0, 966.8, 0.07830
1218, 947.9, 931.8, 0.07820
1219, 959.8, 957.7, 0.07810
1220, 973.0, 964.8, 0.07800
1221, 966.2, 972.3, 0.07790
1222, 964.2, 951.6, 0.07780
1223, 950.2, 976.4, 0.07770
1224, 982.1, 993.0, 0.07760
1225, 993.2, 995.8, 0.07750
1226, 991.5, 997.7, 0.07740
1227, 993.5, 996.3, 0.07730
1228, 992.1, 989.2, 0.07720
1229, 995.5, 996.9, 0.07710
1230, 992.7, 990.9, 0.07700
1231, 992.6, 992.3, 0.07690
1232, 983.7, 981.7, 0.07680
1233, 978.9, 978.7, 0.07670
1234, 995.8, 996.9, 0.07660
1235, 993.7, 993.2, 0.07650
1236, 991.3, 996.1, 0.07640
1237, 993.0, 992.3, 0.07630
1238, 985.1, 990.6, 0.07620
1239, 982.1, 981.4, 0.07610
1240, 965.1, 921.0, 0.07600
1241, 962.8, 975.1, 0.07590
1242, 965.7, 955.5, 0.07580
1243, 957.2, 948.2, 0.07570
1244, 930.2, 941.8, 0.07560
1245, 920.9, 891.9, 0.07550
1246, 885.9, 863.4, 0.07540
1247, 872.5, 891.9, 0.07530
1248, 889.2, 910.7, 0.07520
1249, 900.2, 880.3, 0.07510
1250, 886.3, 853.4, 0.07500
1251, 870.2, 889.5, 0.07490
1252, 905.6, 903.7, 0.07480
1253, 912.1, 860.9, 0.07470
1254, 934.3, 963.4, 0.07460
1255, 915.8, 986.1, 0.07450
1256, 970.6, 880.9, 0.07440
1257, 970.4, 793.6, 0.07430
1258, 421.6, 899.8, 0.07420
1259, 909.1, 603.5, 0.07410
1260, 990.3, 585.7, 0.07400
1261, 721.1, 984.9, 0.07390
1262, 949.8, 983.1, 0.07380
1263, 971.3, 969.1, 0.07370
1264, 922.7, 969.3, 0.07360
1265, 950.7, 929.9, 0.07350
1266, 920.5, 964.3, 0.07340
1267, 966.5, 943.3, 0.07330
1268, 967.9, 948.4, 0.07320
1269, 941.9, 976.1, 0.07310
1270, 959.2, 952.1, 0.07300
1271, 950.3, 954.5, 0.07290
1272, 958.4, 948.8, 0.07280
1273, 941.8, 942.9, 0.07270
1274, 924.6, 957.7, 0.07260
1275, 933.2, 943.4, 0.07250
1276, 937.1, 937.7, 0.07240
1277, 926.0, 954.0, 0.07230
1278, 930.2, 959.9, 0.07220
1279, 931.5, 950.9, 0.07210
1280, 913.0, 942.0, 0.07200
1281, 900.0, 890.8, 0.07190
1282, 907.0, 897.6, 0.07180
1283, 871.9, 864.4, 0.07170
1284, 869.2, 871.0, 0.07160
1285, 860.2, 399.7, 0.07150
1286, 846.4, 832.5, 0.07140
1287, 860.2, 695.6, 0.07130
1288, 861.1, 906.0, 0.07120
1289, 881.0, 894.3, 0.07110
1290, 747.1, 834.0, 0.07100
1291, 322.2, 311.1, 0.07090
1292, 343.8, 305.5, 0.07080
1293, 351.6, 826.3, 0.07070
1294, 657.7, 828.8, 0.07060
1295, 772.5, 732.8, 0.07050
1296, 365.2, 703.2, 0.07040
1297, 421.6, 348.1, 0.07030
1298, 330.9, 273.3, 0.07020
1299, 323.0, 304.8, 0.07010
1300, 361.1, 755.0, 0.07000
1301, 817.1, 848.9, 0.06990
1302, 815.8, 796.1, 0.06980
1303, 793.7, 823.5, 0.06970
1304, 495.5, 847.2, 0.06960
1305, 800.5, 768.3, 0.06950
1306, 490.0, 245.6, 0.06940
1307, 244.8, 287.4, 0.06930
1308, 282.0, 295.8, 0.06920
1309, 360.7, 856.4, 0.06910
1310, 317.1, 241.5, 0.06900
1311, 227.6, 219.7, 0.06890
1312, 219.4, 214.9, 0.06880
1313, 216.7, 248.2, 0.06870
1314, 250.6, 231.1, 0.06860
1315, 252.4, 272.1, 0.06850
1316, 272.6, 282.8, 0.06840
